// ═══════════════════════════════════════════════════════════════════════════
//  PERMANENT BOOK KNOWLEDGE DATABASE — PLANETARY CHAPTERS (COMPLETE)
//  Source: "The Occult Encyclopedia of Magick Squares" — Nineveh Shadrach
//  PDF File: fc8b629f4_...-710-802.pdf
//  Book Pages: 669–761
//  Processed: 2026-06-07
//  Covers:
//    - Mercury planetary chapter continuation (pp.669–673)
//    - Jupiter planetary chapter (pp.674–693)
//    - Mars planetary chapter (pp.694–700)
//    - Sun planetary chapter (pp.701–721)
//    - Venus planetary chapter (pp.722–731)
//    - Mercury planetary chapter (pp.732–749)
//    - Moon planetary chapter (pp.750–761)
//
//  ENTITY TYPES IN PLANETARY CHAPTERS:
//    - Planet Sign (Hebrew name + value)
//    - Archangel
//    - Angel
//    - Intelligence
//    - Spirit
//    - Olympic Spirit
//
//  NOTE: Each entity has:
//    - Hebrew letter square (4×4 or larger)
//    - Hebrew letter square (5×5 or 6×6 for larger entities)
//    - Numerical squares (Fire/Earth/Air/Water for each planetary size)
//    - Full hierarchy table (Usurper/Guide/Mystery/Adjuster/Leader/Regulator/GenGov/HighOverseer)
//    - Angel/Jinn values (Arabic and Hebrew) for each tier
// ═══════════════════════════════════════════════════════════════════════════

// ─────────────────────────────────────────────────────────────────────────────
//  SECTION A — MERCURY CHAPTER CONTINUATION (pp.669–673)
//  These are the 8×8 Mercury squares and the Moon 9×9 squares that belong
//  to an entity from a prior chapter (Bethor region / continuation).
//  The hierarchy tables on pp.670–673 confirm these are for an entity
//  with Adjuster=858 (8×8 Mercury), confirming MC=858 variant.
// ─────────────────────────────────────────────────────────────────────────────
export const MERCURY_CHAPTER_CONTINUATION = {
  note: "Pages 669–673 continue Mercury/Moon/Saturn squares for an entity with MC=858 (Adjuster=858)",
  page: "669–673",

  // p.669 — Earth/Air/Water Mercury 8×8 (usurper=75, guide=144, Adjuster=858)
  mercury8x8_variant_hierarchy: {
    usurper: 75, guide: 144, mystery: 219,
    adjuster: 858, leader: 2574, regulator: 3432, genGov: 6864, highOverseer: 988416,
    angelArabic: { usurper:34, guide:103, mystery:178, adjuster:817, leader:2533, regulator:3391, genGov:6823, highOverseer:988375 },
    angelHebrew: { usurper:44, guide:113, mystery:188, adjuster:827, leader:2543, regulator:3401, genGov:6833, highOverseer:988385 },
    jinnArabic:  { usurper:116, guide:185, mystery:260, adjuster:539, leader:2255, regulator:3113, genGov:6545, highOverseer:988097 },
    jinnHebrew:  { usurper:106, guide:175, mystery:250, adjuster:529, leader:2245, regulator:3103, genGov:6535, highOverseer:988087 },
  },

  // pp.670–671 — Moon 9×9 squares (Fire/Earth/Air/Water) — Adjuster=858
  moon9x9_fire:  [[99,112,74,83,138,67,103,119,63],[59,102,124,79,95,111,66,88,134],[130,71,87,123,55,107,116,78,91],[126,58,101,110,81,94,133,65,90],[86,132,70,106,122,57,93,115,77],[73,98,114,69,82,137,62,105,118],[72,85,131,56,108,121,76,92,117],[113,75,97,136,68,84,120,61,104],[100,125,60,96,109,80,89,135,64]],
  moon9x9_earth: [[63,134,91,90,77,118,117,104,64],[119,88,78,65,115,105,92,61,135],[103,66,116,133,93,62,76,120,89],[67,111,107,94,57,137,121,84,80],[138,95,55,81,122,82,108,68,109],[83,79,123,110,106,69,56,136,96],[74,124,87,101,70,114,131,97,60],[112,102,71,58,132,98,85,75,125],[99,59,130,126,86,73,72,113,100]],
  moon9x9_air:   [[64,135,89,80,109,96,60,125,100],[104,61,120,84,68,136,97,75,113],[117,92,76,121,108,56,131,85,72],[118,105,62,137,82,69,114,98,73],[77,115,93,57,122,106,70,132,86],[90,65,133,94,81,110,101,58,126],[91,78,116,107,55,123,87,71,130],[134,88,66,111,95,79,124,102,59],[63,119,103,67,138,83,74,112,99]],
  moon9x9_water: [[100,113,72,73,86,126,130,59,99],[125,75,85,98,132,58,71,102,112],[60,97,131,114,70,101,87,124,74],[96,136,56,69,106,110,123,79,83],[109,68,108,82,122,81,55,95,138],[80,84,121,137,57,94,107,111,67],[89,120,76,62,93,133,116,66,103],[135,61,92,105,115,65,78,88,119],[64,104,117,118,77,90,91,134,63]],

  moon9x9_hierarchy_variantA: {
    usurper:55, guide:138, mystery:193,
    adjuster:858, leader:2574, regulator:3432, genGov:6864, highOverseer:947232,
    angelArabic: { usurper:14, guide:97, mystery:152, adjuster:817, leader:2533, regulator:3391, genGov:6823, highOverseer:947191 },
    angelHebrew: { usurper:24, guide:107, mystery:162, adjuster:827, leader:2543, regulator:3401, genGov:6833, highOverseer:947201 },
    jinnArabic:  { usurper:96, guide:179, mystery:234, adjuster:539, leader:2255, regulator:3113, genGov:6545, highOverseer:946913 },
    jinnHebrew:  { usurper:86, guide:169, mystery:224, adjuster:529, leader:2245, regulator:3103, genGov:6535, highOverseer:946903 },
  },

  // pp.672–673 — Saturn 10×10 squares (Fire/Earth/Air/Water/hierarchy)
  saturn10x10_fire:  [[36,54,61,99,90,131,83,75,107,122],[47,111,104,95,133,120,38,80,66,64],[62,67,91,132,121,106,55,43,84,97],[68,93,130,123,56,102,110,51,40,85],[81,129,125,60,71,94,98,108,53,39],[88,45,46,113,101,77,73,63,118,134],[100,82,42,49,115,70,58,119,137,86],[114,103,78,37,48,65,116,136,89,72],[124,57,69,76,44,52,135,87,105,109],[138,117,112,74,79,41,92,96,59,50]],
  saturn10x10_earth: [[138,124,114,100,88,81,68,62,47,36],[117,57,103,82,45,129,93,67,111,54],[112,69,78,42,46,125,130,91,104,61],[74,76,37,49,113,60,123,132,95,99],[79,44,48,115,101,71,56,121,133,90],[41,52,65,70,77,94,102,106,120,131],[92,135,116,58,73,98,110,55,38,83],[96,87,136,119,63,108,51,43,80,75],[59,105,89,137,118,53,40,84,66,107],[50,109,72,86,134,39,85,97,64,122]],
  saturn10x10_air:   [[50,59,96,92,41,79,74,112,117,138],[109,105,87,135,52,44,76,69,57,124],[72,89,136,116,65,48,37,78,103,114],[86,137,119,58,70,115,49,42,82,100],[134,118,63,73,77,101,113,46,45,88],[39,53,108,98,94,71,60,125,129,81],[85,40,51,110,102,56,123,130,93,68],[97,84,43,55,106,121,132,91,67,62],[64,66,80,38,120,133,95,104,111,47],[122,107,75,83,131,90,99,61,54,36]],
  saturn10x10_water: [[122,64,97,85,39,134,86,72,109,50],[107,66,84,40,53,118,137,89,105,59],[75,80,43,51,108,63,119,136,87,96],[83,38,55,110,98,73,58,116,135,92],[131,120,106,102,94,77,70,65,52,41],[90,133,121,56,71,101,115,48,44,79],[99,95,132,123,60,113,49,37,76,74],[61,104,91,130,125,46,42,78,69,112],[54,111,67,93,129,45,82,103,57,117],[36,47,62,68,81,88,100,114,124,138]],

  saturn10x10_hierarchy: {
    usurper:36, guide:138, mystery:174,
    adjuster:858, leader:2574, regulator:3432, genGov:6864, highOverseer:947232,
    angelArabic: { usurper:355, guide:97, mystery:133, adjuster:817, leader:2533, regulator:3391, genGov:6823, highOverseer:947191 },
    angelHebrew: { usurper:5, guide:107, mystery:143, adjuster:827, leader:2543, regulator:3401, genGov:6833, highOverseer:947201 },
    jinnArabic:  { usurper:77, guide:179, mystery:215, adjuster:539, leader:2255, regulator:3113, genGov:6545, highOverseer:946913 },
    jinnHebrew:  { usurper:67, guide:169, mystery:205, adjuster:529, leader:2245, regulator:3103, genGov:6535, highOverseer:946903 },
  },
};

// ─────────────────────────────────────────────────────────────────────────────
//  SECTION B — JUPITER PLANETARY CHAPTER (pp.674–693)
// ─────────────────────────────────────────────────────────────────────────────

export const JUPITER_CHAPTER = {
  planet: "Jupiter",
  hebrewName: "Tzedek",
  hebrewValue: 194,
  note: "No Hebrew Squares Available",
  chapterPage: 674,

  // Sign: Jupiter = Tzedek (194)
  sign: {
    name: "Jupiter: Tzedek", hebrewValue: 194,
    note: "No Hebrew Squares Available",
    page: "674",
    jupiterSquare: {
      fire:  [[41,52,46,55],[54,47,49,44],[51,42,56,45],[48,53,43,50]],
      earth: [[48,51,54,41],[53,42,47,52],[43,56,49,46],[50,45,44,55]],
      air:   [[50,43,53,48],[45,56,42,51],[44,49,47,54],[55,46,52,41]],
      water: [[55,44,45,50],[46,49,56,43],[52,47,42,53],[41,54,51,48]],
      hierarchy: { usurper:41, guide:56, mystery:97, adjuster:1552, leader:4656, regulator:6208, genGov:12416, highOverseer:695296 },
      angelArabic: { usurper:360, guide:15, mystery:56, adjuster:1511, leader:4615, regulator:6167, genGov:12375, highOverseer:695255 },
      angelHebrew: { usurper:10, guide:25, mystery:66, adjuster:1521, leader:4625, regulator:6177, genGov:12385, highOverseer:695265 },
      jinnArabic:  { usurper:82, guide:97, mystery:138, adjuster:1233, leader:4337, regulator:5889, genGov:12097, highOverseer:694977 },
      jinnHebrew:  { usurper:72, guide:87, mystery:128, adjuster:1223, leader:4327, regulator:5879, genGov:12087, highOverseer:694967 },
    },
    marsSquare: {
      fire:  [[26,54,44,38,32],[39,33,27,50,45],[51,41,40,34,28],[35,29,52,42,36],[43,37,31,30,53]],
      earth: [[53,30,31,37,43],[36,42,52,29,35],[28,34,40,41,51],[45,50,27,33,39],[32,38,44,54,26]],
      air:   [[43,35,51,39,26],[37,29,41,33,54],[31,52,40,27,44],[30,42,34,50,38],[53,36,28,45,32]],
      water: [[32,45,28,36,53],[38,50,34,42,30],[44,27,40,52,31],[54,33,41,29,37],[26,39,51,35,43]],
      hierarchy: { usurper:26, guide:54, mystery:80, adjuster:194, leader:582, regulator:776, genGov:1552, highOverseer:83808 },
      angelArabic: { usurper:345, guide:13, mystery:39, adjuster:153, leader:541, regulator:735, genGov:1511, highOverseer:83767 },
      angelHebrew: { usurper:355, guide:23, mystery:49, adjuster:163, leader:551, regulator:745, genGov:1521, highOverseer:83777 },
      jinnArabic:  { usurper:67, guide:95, mystery:121, adjuster:235, leader:263, regulator:457, genGov:1233, highOverseer:83489 },
      jinnHebrew:  { usurper:57, guide:85, mystery:111, adjuster:225, leader:253, regulator:447, genGov:1223, highOverseer:83479 },
    },
  },

  archangel: {
    name: "Archangel: Tzadqiel", hebrewValue: 235,
    page: "677",
    hebrewSquare4x4: { numerical: [[89,5,103,38],[102,39,88,6],[3,91,40,101]] },
    hebrewSquare6x6: "letter square present — see PDF p.677",
    jupiterSquare: {
      fire:  [[51,62,56,66],[65,57,59,54],[61,52,67,55],[58,64,53,60]],
      earth: [[58,61,65,51],[64,52,57,62],[53,67,59,56],[60,55,54,66]],
      air:   [[60,53,64,58],[55,67,52,61],[54,59,57,65],[66,56,62,51]],
      water: [[66,54,55,60],[56,59,67,53],[62,57,52,64],[51,65,61,58]],
      hierarchy: { usurper:51, guide:67, mystery:118, adjuster:1880, leader:5640, regulator:7520, genGov:15040, highOverseer:1007680 },
      angelArabic: { usurper:10, guide:26, mystery:77, adjuster:1839, leader:5599, regulator:7479, genGov:14999, highOverseer:1007639 },
      angelHebrew: { usurper:20, guide:36, mystery:87, adjuster:1849, leader:5609, regulator:7489, genGov:15009, highOverseer:1007649 },
      jinnArabic:  { usurper:92, guide:108, mystery:159, adjuster:1561, leader:5321, regulator:7201, genGov:14721, highOverseer:1007361 },
      jinnHebrew:  { usurper:82, guide:98, mystery:149, adjuster:1551, leader:5311, regulator:7191, genGov:14711, highOverseer:1007351 },
    },
    marsSquare: {
      fire:  [[35,59,53,47,41],[48,42,36,55,54],[56,50,49,43,37],[44,38,57,51,45],[52,46,40,39,58]],
      earth: [[58,39,40,46,52],[45,51,57,38,44],[37,43,49,50,56],[54,55,36,42,48],[41,47,53,59,35]],
      air:   [[52,44,56,48,35],[46,38,50,42,59],[40,57,49,36,53],[39,51,43,55,47],[58,45,37,54,41]],
      water: [[41,54,37,45,58],[47,55,43,51,39],[53,36,49,57,40],[59,42,50,38,46],[35,48,56,44,52]],
      hierarchy: { usurper:35, guide:59, mystery:94, adjuster:235, leader:705, regulator:940, genGov:1880, highOverseer:110920 },
      angelArabic: { usurper:354, guide:18, mystery:53, adjuster:194, leader:664, regulator:899, genGov:1839, highOverseer:110879 },
      angelHebrew: { usurper:4, guide:28, mystery:63, adjuster:204, leader:674, regulator:909, genGov:1849, highOverseer:110889 },
      jinnArabic:  { usurper:76, guide:100, mystery:135, adjuster:276, leader:386, regulator:621, genGov:1561, highOverseer:110601 },
      jinnHebrew:  { usurper:66, guide:90, mystery:125, adjuster:266, leader:376, regulator:611, genGov:1551, highOverseer:110591 },
    },
    sunSquare_fire:  [[21,32,56,38,42,46],[27,37,48,55,25,43],[33,59,41,31,47,24],[44,23,34,49,28,57],[50,39,30,22,58,36],[60,45,26,40,35,29]],
    sunSquare_air:   [[29,35,40,26,45,60],[36,58,22,30,39,50],[57,28,49,34,23,44],[24,47,31,41,59,33],[43,25,55,48,37,27],[46,42,38,56,32,21]],
    sunSquare_earth: [[60,50,44,33,27,21],[45,39,23,59,37,32],[26,30,34,41,48,56],[40,22,49,31,55,38],[35,58,28,47,25,42],[29,36,57,24,43,46]],
    sunSquare_water: [[46,43,24,57,36,29],[42,25,47,28,58,35],[38,55,31,49,22,40],[56,48,41,34,30,26],[32,37,59,23,39,45],[21,27,33,44,50,60]],
    sunHierarchy: { usurper:21, guide:60, mystery:81, adjuster:235, leader:705, regulator:940, genGov:1880, highOverseer:112800 },
    sunAngelArabic: { usurper:340, guide:19, mystery:40, adjuster:194, leader:664, regulator:899, genGov:1839, highOverseer:112759 },
    sunAngelHebrew: { usurper:350, guide:29, mystery:50, adjuster:204, leader:674, regulator:909, genGov:1849, highOverseer:112769 },
    sunJinnArabic:  { usurper:62, guide:101, mystery:122, adjuster:276, leader:386, regulator:621, genGov:1561, highOverseer:112481 },
    sunJinnHebrew:  { usurper:52, guide:91, mystery:112, adjuster:266, leader:376, regulator:611, genGov:1551, highOverseer:112471 },
    venusSquare_fire:  [[9,50,35,20,40,57,24],[58,25,10,44,36,21,41],[22,42,59,26,11,45,30],[46,31,16,43,60,27,12],[28,13,47,32,17,37,61],[38,55,29,14,48,33,18],[34,19,39,56,23,15,49]],
    venusSquare_air:   [[49,15,23,56,39,19,34],[18,33,48,14,29,55,38],[61,37,17,32,47,13,28],[12,27,60,43,16,31,46],[30,45,11,26,59,42,22],[41,21,36,44,10,25,58],[24,57,40,20,35,50,9]],
    venusSquare_earth: [[34,38,28,46,22,58,9],[19,55,13,31,42,25,50],[39,29,47,16,59,10,35],[56,14,32,43,26,44,20],[23,48,17,60,11,36,40],[15,33,37,27,45,21,57],[49,18,61,12,30,41,24]],
    venusSquare_water: [[24,41,30,12,61,18,49],[57,21,45,27,37,33,15],[40,36,11,60,17,48,23],[20,44,26,43,32,14,56],[35,10,59,16,47,29,39],[50,25,42,31,13,55,19],[9,58,22,46,28,38,34]],
    venusHierarchy: { usurper:9, guide:61, mystery:70, adjuster:235, leader:705, regulator:940, genGov:1880, highOverseer:114680 },
    venusAngelArabic: { usurper:328, guide:20, mystery:29, adjuster:194, leader:664, regulator:899, genGov:1839, highOverseer:114639 },
    venusAngelHebrew: { usurper:338, guide:30, mystery:39, adjuster:204, leader:674, regulator:909, genGov:1849, highOverseer:114649 },
    venusJinnArabic:  { usurper:50, guide:102, mystery:111, adjuster:276, leader:386, regulator:621, genGov:1561, highOverseer:114361 },
    venusJinnHebrew:  { usurper:40, guide:92, mystery:101, adjuster:266, leader:376, regulator:611, genGov:1551, highOverseer:114351 },
  },

  angel: {
    name: "Angel: Sachiel", hebrewValue: 109,
    page: "681",
    hebrewSquare4x4: { numerical: [[59,9,13,28],[12,29,58,10],[7,61,30,11]] },
    hebrewSquare5x5: "letter square present — see PDF p.681",
    jupiterSquare: {
      fire:  [[19,30,24,36],[35,25,27,22],[29,20,37,23],[26,34,21,28]],
      earth: [[26,29,35,19],[34,20,25,30],[21,37,27,24],[28,23,22,36]],
      air:   [[28,21,34,26],[23,37,20,29],[22,27,25,35],[36,24,30,19]],
      water: [[36,22,23,28],[24,27,37,21],[30,25,20,34],[19,35,29,26]],
      hierarchy_4x4: { usurper:19, guide:37, mystery:56, adjuster:872, leader:2616, regulator:3488, genGov:6976, highOverseer:258112 },
      angelArabic_4x4: { usurper:338, guide:356, mystery:15, adjuster:831, leader:2575, regulator:3447, genGov:6935, highOverseer:258071 },
      angelHebrew_4x4: { usurper:348, guide:6, mystery:25, adjuster:841, leader:2585, regulator:3457, genGov:6945, highOverseer:258081 },
      jinnArabic_4x4:  { usurper:60, guide:78, mystery:97, adjuster:553, leader:2297, regulator:3169, genGov:6657, highOverseer:257793 },
      jinnHebrew_4x4:  { usurper:50, guide:68, mystery:87, adjuster:543, leader:2287, regulator:3159, genGov:6647, highOverseer:257783 },
    },
    marsSquare: {
      fire:  [[9,37,27,21,15],[22,16,10,33,28],[34,24,23,17,11],[18,12,35,25,19],[26,20,14,13,36]],
      earth: [[36,13,14,20,26],[19,25,35,12,18],[11,17,23,24,34],[28,33,10,16,22],[15,21,27,37,9]],
      air:   [[26,18,34,22,9],[20,12,24,16,37],[14,35,23,10,27],[13,25,17,33,21],[36,19,11,28,15]],
      water: [[15,28,11,19,36],[21,33,17,25,13],[27,10,23,35,14],[37,16,24,12,20],[9,22,34,18,26]],
      hierarchy: { usurper:9, guide:37, mystery:46, adjuster:109, leader:327, regulator:436, genGov:872, highOverseer:32264 },
      angelArabic: { usurper:328, guide:356, mystery:5, adjuster:68, leader:286, regulator:395, genGov:831, highOverseer:32223 },
      angelHebrew: { usurper:338, guide:6, mystery:15, adjuster:78, leader:296, regulator:405, genGov:841, highOverseer:32233 },
      jinnArabic:  { usurper:50, guide:78, mystery:87, adjuster:150, leader:8, regulator:117, genGov:553, highOverseer:31945 },
      jinnHebrew:  { usurper:40, guide:68, mystery:77, adjuster:140, leader:358, regulator:107, genGov:543, highOverseer:31935 },
    },
  },

  intelligence: {
    name: "Intelligence: Iophiel", hebrewValue: 136,
    page: "683",
    hebrewSquare4x4: { numerical: [[9,6,83,38],[82,39,8,7],[4,11,40,81]] },
    hebrewSquare6x6: "letter square present — see PDF p.683",
    jupiterSquare: {
      fire:  [[26,37,31,42],[41,32,34,29],[36,27,43,30],[33,40,28,35]],
      earth: [[33,36,41,26],[40,27,32,37],[28,43,34,31],[35,30,29,42]],
      air:   [[35,28,40,33],[30,43,27,36],[29,34,32,41],[42,31,37,26]],
      water: [[42,29,30,35],[31,34,43,28],[37,32,27,40],[26,41,36,33]],
      hierarchy: { usurper:26, guide:43, mystery:69, adjuster:1088, leader:3264, regulator:4352, genGov:8704, highOverseer:374272 },
      angelArabic: { usurper:345, guide:2, mystery:28, adjuster:1047, leader:3223, regulator:4311, genGov:8663, highOverseer:374231 },
      angelHebrew: { usurper:355, guide:12, mystery:38, adjuster:1057, leader:3233, regulator:4321, genGov:8673, highOverseer:374241 },
      jinnArabic:  { usurper:67, guide:84, mystery:110, adjuster:769, leader:2945, regulator:4033, genGov:8385, highOverseer:373953 },
      jinnHebrew:  { usurper:57, guide:74, mystery:100, adjuster:759, leader:2935, regulator:4023, genGov:8375, highOverseer:373943 },
    },
    marsSquare: {
      fire:  [[15,40,33,27,21],[28,22,16,36,34],[37,30,29,23,17],[24,18,38,31,25],[32,26,20,19,39]],
      earth: [[39,19,20,26,32],[25,31,38,18,24],[17,23,29,30,37],[34,36,16,22,28],[21,27,33,40,15]],
      air:   [[32,24,37,28,15],[26,18,30,22,40],[20,38,29,16,33],[19,31,23,36,27],[39,25,17,34,21]],
      water: [[21,34,17,25,39],[27,36,23,31,19],[33,16,29,38,20],[40,22,30,18,26],[15,28,37,24,32]],
      hierarchy: { usurper:15, guide:40, mystery:55, adjuster:136, leader:408, regulator:544, genGov:1088, highOverseer:43520 },
      angelArabic: { usurper:334, guide:359, mystery:14, adjuster:95, leader:367, regulator:503, genGov:1047, highOverseer:43479 },
      angelHebrew: { usurper:344, guide:9, mystery:24, adjuster:105, leader:377, regulator:513, genGov:1057, highOverseer:43489 },
      jinnArabic:  { usurper:56, guide:81, mystery:96, adjuster:177, leader:89, regulator:225, genGov:769, highOverseer:43201 },
      jinnHebrew:  { usurper:46, guide:71, mystery:86, adjuster:167, leader:79, regulator:215, genGov:759, highOverseer:43191 },
    },
    sunSquare: {
      fire:  [[5,16,37,22,26,30],[11,21,32,36,9,27],[17,40,25,15,31,8],[28,7,18,33,12,38],[34,23,14,6,39,20],[41,29,10,24,19,13]],
      earth: [[41,34,28,17,11,5],[29,23,7,40,21,16],[10,14,18,25,32,37],[24,6,33,15,36,22],[19,39,12,31,9,26],[13,20,38,8,27,30]],
      air:   [[13,19,24,10,29,41],[20,39,6,14,23,34],[38,12,33,18,7,28],[8,31,15,25,40,17],[27,9,36,32,21,11],[30,26,22,37,16,5]],
      water: [[30,27,8,38,20,13],[26,9,31,12,39,19],[22,36,15,33,6,24],[37,32,25,18,14,10],[16,21,40,7,23,29],[5,11,17,28,34,41]],
      hierarchy: { usurper:5, guide:41, mystery:46, adjuster:136, leader:408, regulator:544, genGov:1088, highOverseer:44608 },
      angelArabic: { usurper:324, guide:360, mystery:5, adjuster:95, leader:367, regulator:503, genGov:1047, highOverseer:44567 },
      angelHebrew: { usurper:334, guide:10, mystery:15, adjuster:105, leader:377, regulator:513, genGov:1057, highOverseer:44577 },
      jinnArabic:  { usurper:46, guide:82, mystery:87, adjuster:177, leader:89, regulator:225, genGov:769, highOverseer:44289 },
      jinnHebrew:  { usurper:36, guide:72, mystery:77, adjuster:167, leader:79, regulator:215, genGov:759, highOverseer:44279 },
    },
  },

  spirit: {
    name: "Spirit: Hismael", hebrewValue: 136,
    note: "Numerical Squares See Page: 683",
    page: "685",
    hebrewSquare4x4: { numerical: [[4,61,43,28],[42,29,3,62],[59,6,30,41]] },
    hebrewSquare5x5: "letter square present — see PDF p.685",
  },

  olympicSpirit: {
    name: "Olympic Spirit: Bethor", hebrewValue: 618,
    page: "686",
    hebrewSquare4x4: { numerical: [[11,401,9,197],[8,198,10,402],[399,13,199,7]] },
    hebrewSquare5x5: "letter square present — see PDF p.686",
    jupiterSquare: {
      fire:  [[147,158,152,161],[160,153,155,150],[157,148,162,151],[154,159,149,156]],
      earth: [[154,157,160,147],[159,148,153,158],[149,162,155,152],[156,151,150,161]],
      air:   [[156,149,159,154],[151,162,148,157],[150,155,153,160],[161,152,158,147]],
      water: [[161,150,151,156],[152,155,162,149],[158,153,148,159],[147,160,157,154]],
      hierarchy: { usurper:147, guide:162, mystery:309, adjuster:4944, leader:14832, regulator:19776, genGov:39552, highOverseer:6407424 },
      angelArabic: { usurper:106, guide:121, mystery:268, adjuster:4903, leader:14791, regulator:19735, genGov:39511, highOverseer:6407383 },
      angelHebrew: { usurper:116, guide:131, mystery:278, adjuster:4913, leader:14801, regulator:19745, genGov:39521, highOverseer:6407393 },
      jinnArabic:  { usurper:188, guide:203, mystery:350, adjuster:4625, leader:14513, regulator:19457, genGov:39233, highOverseer:6407105 },
      jinnHebrew:  { usurper:178, guide:193, mystery:340, adjuster:4615, leader:14503, regulator:19447, genGov:39223, highOverseer:6407095 },
    },
    marsSquare: {
      fire:  [[111,138,129,123,117],[124,118,112,134,130],[135,126,125,119,113],[120,114,136,127,121],[128,122,116,115,137]],
      earth: [[137,115,116,122,128],[121,127,136,114,120],[113,119,125,126,135],[130,134,112,118,124],[117,123,129,138,111]],
      air:   [[128,120,135,124,111],[122,114,126,118,138],[116,136,125,112,129],[115,127,119,134,123],[137,121,113,130,117]],
      water: [[117,130,113,121,137],[123,134,119,127,115],[129,112,125,136,116],[138,118,126,114,122],[111,124,135,120,128]],
      hierarchy: { usurper:111, guide:138, mystery:249, adjuster:618, leader:1854, regulator:2472, genGov:4944, highOverseer:682272 },
      angelArabic: { usurper:70, guide:97, mystery:208, adjuster:577, leader:1813, regulator:2431, genGov:4903, highOverseer:682231 },
      angelHebrew: { usurper:80, guide:107, mystery:218, adjuster:587, leader:1823, regulator:2441, genGov:4913, highOverseer:682241 },
      jinnArabic:  { usurper:152, guide:179, mystery:290, adjuster:299, leader:1535, regulator:2153, genGov:4625, highOverseer:681953 },
      jinnHebrew:  { usurper:142, guide:169, mystery:280, adjuster:289, leader:1525, regulator:2143, genGov:4615, highOverseer:681943 },
    },
    sunSquare: {
      fire:  [[85,96,119,102,106,110],[91,101,112,118,89,107],[97,122,105,95,111,88],[108,87,98,113,92,120],[114,103,94,86,121,100],[123,109,90,104,99,93]],
      earth: [[123,114,108,97,91,85],[109,103,87,122,101,96],[90,94,98,105,112,119],[104,86,113,95,118,102],[99,121,92,111,89,106],[93,100,120,88,107,110]],
      air:   [[93,99,104,90,109,123],[100,121,86,94,103,114],[120,92,113,98,87,108],[88,111,95,105,122,97],[107,89,118,112,101,91],[110,106,102,119,96,85]],
      water: [[110,107,88,120,100,93],[106,89,111,92,121,99],[102,118,95,113,86,104],[119,112,105,98,94,90],[96,101,122,87,103,109],[85,91,97,108,114,123]],
      hierarchy: { usurper:85, guide:123, mystery:208, adjuster:618, leader:1854, regulator:2472, genGov:4944, highOverseer:608112 },
      angelArabic: { usurper:44, guide:82, mystery:167, adjuster:577, leader:1813, regulator:2431, genGov:4903, highOverseer:608071 },
      angelHebrew: { usurper:54, guide:92, mystery:177, adjuster:587, leader:1823, regulator:2441, genGov:4913, highOverseer:608081 },
      jinnArabic:  { usurper:126, guide:164, mystery:249, adjuster:299, leader:1535, regulator:2153, genGov:4625, highOverseer:607793 },
      jinnHebrew:  { usurper:116, guide:154, mystery:239, adjuster:289, leader:1525, regulator:2143, genGov:4615, highOverseer:607783 },
    },
    venusSquare: {
      fire:  [[64,105,90,75,95,110,79],[111,80,65,99,91,76,96],[77,97,112,81,66,100,85],[101,86,71,98,113,82,67],[83,68,102,87,72,92,114],[93,108,84,69,103,88,73],[89,74,94,109,78,70,104]],
      earth: [[89,93,83,101,77,111,64],[74,108,68,86,97,80,105],[94,84,102,71,112,65,90],[109,69,87,98,81,99,75],[78,103,72,113,66,91,95],[70,88,92,82,100,76,110],[104,73,114,67,85,96,79]],
      air:   [[104,70,78,109,94,74,89],[73,88,103,69,84,108,93],[114,92,72,87,102,68,83],[67,82,113,98,71,86,101],[85,100,66,81,112,97,77],[96,76,91,99,65,80,111],[79,110,95,75,90,105,64]],
      water: [[79,96,85,67,114,73,104],[110,76,100,82,92,88,70],[95,91,66,113,72,103,78],[75,99,81,98,87,69,109],[90,65,112,71,102,84,94],[105,80,97,86,68,108,74],[64,111,77,101,83,93,89]],
      hierarchy: { usurper:64, guide:114, mystery:178, adjuster:618, leader:1854, regulator:2472, genGov:4944, highOverseer:563616 },
      angelArabic: { usurper:23, guide:73, mystery:137, adjuster:577, leader:1813, regulator:2431, genGov:4903, highOverseer:563575 },
      angelHebrew: { usurper:33, guide:83, mystery:147, adjuster:587, leader:1823, regulator:2441, genGov:4913, highOverseer:563585 },
      jinnArabic:  { usurper:105, guide:155, mystery:219, adjuster:299, leader:1535, regulator:2153, genGov:4625, highOverseer:563297 },
      jinnHebrew:  { usurper:95, guide:145, mystery:209, adjuster:289, leader:1525, regulator:2143, genGov:4615, highOverseer:563287 },
    },
    mercuryHierarchy: { usurper:45, guide:114, mystery:159, adjuster:618, leader:1854, regulator:2472, genGov:4944, highOverseer:563616 },
    mercuryAngelArabic: { usurper:4, guide:73, mystery:118, adjuster:577, leader:1813, regulator:2431, genGov:4903, highOverseer:563575 },
    mercuryAngelHebrew: { usurper:14, guide:83, mystery:128, adjuster:587, leader:1823, regulator:2441, genGov:4913, highOverseer:563585 },
    mercuryJinnArabic:  { usurper:86, guide:155, mystery:200, adjuster:299, leader:1535, regulator:2153, genGov:4625, highOverseer:563297 },
    mercuryJinnHebrew:  { usurper:76, guide:145, mystery:190, adjuster:289, leader:1525, regulator:2143, genGov:4615, highOverseer:563287 },
    moonHierarchy: { usurper:28, guide:114, mystery:142, adjuster:618, leader:1854, regulator:2472, genGov:4944, highOverseer:563616 },
    moonAngelArabic: { usurper:347, guide:73, mystery:101, adjuster:577, leader:1813, regulator:2431, genGov:4903, highOverseer:563575 },
    moonAngelHebrew: { usurper:357, guide:83, mystery:111, adjuster:587, leader:1823, regulator:2441, genGov:4913, highOverseer:563585 },
    moonJinnArabic:  { usurper:69, guide:155, mystery:183, adjuster:299, leader:1535, regulator:2153, genGov:4625, highOverseer:563297 },
    moonJinnHebrew:  { usurper:59, guide:145, mystery:173, adjuster:289, leader:1525, regulator:2143, genGov:4615, highOverseer:563287 },
  },
};

// ─────────────────────────────────────────────────────────────────────────────
//  SECTION C — MARS PLANETARY CHAPTER (pp.695–700)
// ─────────────────────────────────────────────────────────────────────────────

export const MARS_CHAPTER = {
  planet: "Mars",
  hebrewName: "Madim",
  hebrewValue: 94,
  chapterPage: 695,

  sign: {
    name: "Mars: Madim", hebrewValue: 94,
    page: "695",
    hebrewSquare4x4: { numerical: [[39,5,13,37],[12,38,38,6],[3,41,39,11]] },
    hebrewSquare4x4_b: "4×4 letter square present — see PDF p.695",
    jupiterSquare: {
      fire:  [[16,27,21,30],[29,22,24,19],[26,17,31,20],[23,28,18,25]],
      earth: [[23,26,29,16],[28,17,22,27],[18,31,24,21],[25,20,19,30]],
      air:   [[25,18,28,23],[20,31,17,26],[19,24,22,29],[30,21,27,16]],
      water: [[30,19,20,25],[21,24,31,18],[27,22,17,28],[16,29,26,23]],
      hierarchy: { usurper:16, guide:31, mystery:47, adjuster:752, leader:2256, regulator:3008, genGov:6016, highOverseer:186496 },
      angelArabic: { usurper:335, guide:350, mystery:6, adjuster:711, leader:2215, regulator:2967, genGov:5975, highOverseer:186455 },
      angelHebrew: { usurper:345, guide:360, mystery:16, adjuster:721, leader:2225, regulator:2977, genGov:5985, highOverseer:186465 },
      jinnArabic:  { usurper:57, guide:72, mystery:88, adjuster:433, leader:1937, regulator:2689, genGov:5697, highOverseer:186177 },
      jinnHebrew:  { usurper:47, guide:62, mystery:78, adjuster:423, leader:1927, regulator:2679, genGov:5687, highOverseer:186167 },
    },
    marsSquare: {
      fire:  [[6,34,24,18,12],[19,13,7,30,25],[31,21,20,14,8],[15,9,32,22,16],[23,17,11,10,33]],
      earth: [[33,10,11,17,23],[16,22,32,9,15],[8,14,20,21,31],[25,30,7,13,19],[12,18,24,34,6]],
      air:   [[23,15,31,19,6],[17,9,21,13,34],[11,32,20,7,24],[10,22,14,30,18],[33,16,8,25,12]],
      water: [[12,25,8,16,33],[18,30,14,22,10],[24,7,20,32,11],[34,13,21,9,17],[6,19,31,15,23]],
      hierarchy: { usurper:6, guide:34, mystery:40, adjuster:94, leader:282, regulator:376, genGov:752, highOverseer:25568 },
      angelArabic: { usurper:325, guide:353, mystery:359, adjuster:53, leader:241, regulator:335, genGov:711, highOverseer:25527 },
      angelHebrew: { usurper:335, guide:3, mystery:9, adjuster:63, leader:251, regulator:345, genGov:721, highOverseer:25537 },
      jinnArabic:  { usurper:47, guide:75, mystery:81, adjuster:135, leader:323, regulator:57, genGov:433, highOverseer:25249 },
      jinnHebrew:  { usurper:37, guide:65, mystery:71, adjuster:125, leader:313, regulator:47, genGov:423, highOverseer:25239 },
    },
  },

  archangel: {
    name: "Archangel: Kamael", hebrewValue: 91,
    note: "Numerical Squares See Page: 401",
    page: "697",
    hebrewSquare4x4: { numerical: [[19,41,4,27],[3,28,18,42],[39,21,29,2]] },
    hebrewSquare4x4_letter: "4×4 letter square present — see PDF p.697",
  },

  angel: {
    name: "Angel: Zamael", hebrewValue: 78,
    note: "Numerical Squares See Page: 91",
    page: "697",
    hebrewSquare4x4: { numerical: [[6,41,4,27],[3,28,5,42],[39,8,29,2]] },
    hebrewSquare4x4_letter: "4×4 letter square present — see PDF p.697",
  },

  intelligence: {
    name: "Intelligence: Graphiel", hebrewValue: 325,
    note: "Numerical Squares See Page: 441",
    page: "697",
    hebrewSquare4x4: { numerical: [[2,202,83,38],[82,39,1,203],[200,4,40,81]] },
    hebrewSquare7x7: "letter square present — see PDF p.697",
  },

  spirit: {
    name: "Spirit: Bartzabel", hebrewValue: 325,
    note: "Numerical Squares See Page: 441",
    page: "698",
    hebrewSquare4x4: { numerical: [[201,91,5,28],[4,29,200,92],[89,203,30,3]] },
    hebrewSquare6x6: "letter square present — see PDF p.698",
  },

  olympicSpirit: {
    name: "Olympic Spirit: Phaleg", hebrewValue: 113,
    note: "Hebrew Squares Not Available",
    page: "698",
    jupiterSquare: {
      fire:  [[20,31,25,37],[36,26,28,23],[30,21,38,24],[27,35,22,29]],
      earth: [[27,30,36,20],[35,21,26,31],[22,38,28,25],[29,24,23,37]],
      air:   [[29,22,35,27],[24,38,21,30],[23,28,26,36],[37,25,31,20]],
      water: [[37,23,24,29],[25,28,38,22],[31,26,21,35],[20,36,30,27]],
      hierarchy: { usurper:20, guide:38, mystery:58, adjuster:904, leader:2712, regulator:3616, genGov:7232, highOverseer:274816 },
      angelArabic: { usurper:339, guide:357, mystery:17, adjuster:863, leader:2671, regulator:3575, genGov:7191, highOverseer:274775 },
      angelHebrew: { usurper:349, guide:7, mystery:27, adjuster:873, leader:2681, regulator:3585, genGov:7201, highOverseer:274785 },
      jinnArabic:  { usurper:61, guide:79, mystery:99, adjuster:585, leader:2393, regulator:3297, genGov:6913, highOverseer:274497 },
      jinnHebrew:  { usurper:51, guide:69, mystery:89, adjuster:575, leader:2383, regulator:3287, genGov:6903, highOverseer:274487 },
    },
    marsSquare: {
      fire:  [[10,37,28,22,16],[23,17,11,33,29],[34,25,24,18,12],[19,13,35,26,20],[27,21,15,14,36]],
      earth: [[36,14,15,21,27],[20,26,35,13,19],[12,18,24,25,34],[29,33,11,17,23],[16,22,28,37,10]],
      air:   [[27,19,34,23,10],[21,13,25,17,37],[15,35,24,11,28],[14,26,18,33,22],[36,20,12,29,16]],
      water: [[16,29,12,20,36],[22,33,18,26,14],[28,11,24,35,15],[37,17,25,13,21],[10,23,34,19,27]],
      hierarchy: { usurper:10, guide:37, mystery:47, adjuster:113, leader:339, regulator:452, genGov:904, highOverseer:33448 },
      angelArabic: { usurper:329, guide:356, mystery:6, adjuster:72, leader:298, regulator:411, genGov:863, highOverseer:33407 },
      angelHebrew: { usurper:339, guide:6, mystery:16, adjuster:82, leader:308, regulator:421, genGov:873, highOverseer:33417 },
      jinnArabic:  { usurper:51, guide:78, mystery:88, adjuster:154, leader:20, regulator:133, genGov:585, highOverseer:33129 },
      jinnHebrew:  { usurper:41, guide:68, mystery:78, adjuster:144, leader:10, regulator:123, genGov:575, highOverseer:33119 },
    },
    sunSquare: {
      fire:  [[1,12,34,18,22,26],[7,17,28,33,5,23],[13,37,21,11,27,4],[24,3,14,29,8,35],[30,19,10,2,36,16],[38,25,6,20,15,9]],
      earth: [[38,30,24,13,7,1],[25,19,3,37,17,12],[6,10,14,21,28,34],[20,2,29,11,33,18],[15,36,8,27,5,22],[9,16,35,4,23,26]],
      air:   [[9,15,20,6,25,38],[16,36,2,10,19,30],[35,8,29,14,3,24],[4,27,11,21,37,13],[23,5,33,28,17,7],[26,22,18,34,12,1]],
      water: [[26,23,4,35,16,9],[22,5,27,8,36,15],[18,33,11,29,2,20],[34,28,21,14,10,6],[12,17,37,3,19,25],[1,7,13,24,30,38]],
      hierarchy: { usurper:1, guide:38, mystery:39, adjuster:113, leader:339, regulator:452, genGov:904, highOverseer:34352 },
      angelArabic: { usurper:320, guide:357, mystery:358, adjuster:72, leader:298, regulator:411, genGov:863, highOverseer:34311 },
      angelHebrew: { usurper:330, guide:7, mystery:8, adjuster:82, leader:308, regulator:421, genGov:873, highOverseer:34321 },
      jinnArabic:  { usurper:42, guide:79, mystery:80, adjuster:154, leader:20, regulator:133, genGov:585, highOverseer:34033 },
      jinnHebrew:  { usurper:32, guide:69, mystery:70, adjuster:144, leader:10, regulator:123, genGov:575, highOverseer:34023 },
    },
  },
};

// ─────────────────────────────────────────────────────────────────────────────
//  SECTION D — SUN PLANETARY CHAPTER (pp.701–721)
// ─────────────────────────────────────────────────────────────────────────────

export const SUN_CHAPTER = {
  planet: "Sun",
  hebrewName: "Shemesh",
  hebrewValue: 640,
  note: "Hebrew Squares Not Available",
  chapterPage: 701,

  sign: {
    name: "Sun: Shemesh", hebrewValue: 640,
    note: "Hebrew Squares Not Available",
    page: "701",
    jupiterSquare: {
      fire:  [[152,163,157,168],[167,158,160,155],[162,153,169,156],[159,166,154,161]],
      earth: [[159,162,167,152],[166,153,158,163],[154,169,160,157],[161,156,155,168]],
      air:   [[161,154,166,159],[156,169,153,162],[155,160,158,167],[168,157,163,152]],
      water: [[168,155,156,161],[157,160,169,154],[163,158,153,166],[152,167,162,159]],
      hierarchy: { usurper:152, guide:169, mystery:321, adjuster:5120, leader:15360, regulator:20480, genGov:40960, highOverseer:6922240 },
      angelArabic: { usurper:111, guide:128, mystery:280, adjuster:5079, leader:15319, regulator:20439, genGov:40919, highOverseer:6922199 },
      angelHebrew: { usurper:121, guide:138, mystery:290, adjuster:5089, leader:15329, regulator:20449, genGov:40929, highOverseer:6922209 },
      jinnArabic:  { usurper:193, guide:210, mystery:2, adjuster:4801, leader:15041, regulator:20161, genGov:40641, highOverseer:6921921 },
      jinnHebrew:  { usurper:183, guide:200, mystery:352, adjuster:4791, leader:15031, regulator:20151, genGov:40631, highOverseer:6921911 },
    },
    marsSquare: {
      fire:  [[116,140,134,128,122],[129,123,117,136,135],[137,131,130,124,118],[125,119,138,132,126],[133,127,121,120,139]],
      earth: [[139,120,121,127,133],[126,132,138,119,125],[118,124,130,131,137],[135,136,117,123,129],[122,128,134,140,116]],
      air:   [[133,125,137,129,116],[127,119,131,123,140],[121,138,130,117,134],[120,132,124,136,128],[139,126,118,135,122]],
      water: [[122,135,118,126,139],[128,136,124,132,120],[134,117,130,138,121],[140,123,131,119,127],[116,129,137,125,133]],
      hierarchy: { usurper:116, guide:140, mystery:256, adjuster:640, leader:1920, regulator:2560, genGov:5120, highOverseer:716800 },
      angelArabic: { usurper:75, guide:99, mystery:215, adjuster:599, leader:1879, regulator:2519, genGov:5079, highOverseer:716759 },
      angelHebrew: { usurper:85, guide:109, mystery:225, adjuster:609, leader:1889, regulator:2529, genGov:5089, highOverseer:716769 },
      jinnArabic:  { usurper:157, guide:181, mystery:297, adjuster:321, leader:1601, regulator:2241, genGov:4801, highOverseer:716481 },
      jinnHebrew:  { usurper:147, guide:171, mystery:287, adjuster:311, leader:1591, regulator:2231, genGov:4791, highOverseer:716471 },
    },
    sunSquare: {
      fire:  [[89,100,121,106,110,114],[95,105,116,120,93,111],[101,124,109,99,115,92],[112,91,102,117,96,122],[118,107,98,90,123,104],[125,113,94,108,103,97]],
      earth: [[125,118,112,101,95,89],[113,107,91,124,105,100],[94,98,102,109,116,121],[108,90,117,99,120,106],[103,123,96,115,93,110],[97,104,122,92,111,114]],
      air:   [[97,103,108,94,113,125],[104,123,90,98,107,118],[122,96,117,102,91,112],[92,115,99,109,124,101],[111,93,120,116,105,95],[114,110,106,121,100,89]],
      water: [[114,111,92,122,104,97],[110,93,115,96,123,103],[106,120,99,117,90,108],[121,116,109,102,98,94],[100,105,124,91,107,113],[89,95,101,112,118,125]],
      hierarchy: { usurper:89, guide:125, mystery:214, adjuster:640, leader:1920, regulator:2560, genGov:5120, highOverseer:640000 },
      angelArabic: { usurper:48, guide:84, mystery:173, adjuster:599, leader:1879, regulator:2519, genGov:5079, highOverseer:639959 },
      angelHebrew: { usurper:58, guide:94, mystery:183, adjuster:609, leader:1889, regulator:2529, genGov:5089, highOverseer:639969 },
      jinnArabic:  { usurper:130, guide:166, mystery:255, adjuster:321, leader:1601, regulator:2241, genGov:4801, highOverseer:639681 },
      jinnHebrew:  { usurper:120, guide:156, mystery:245, adjuster:311, leader:1591, regulator:2231, genGov:4791, highOverseer:639671 },
    },
    venusSquare: {
      fire:  [[67,108,93,78,98,114,82],[115,83,68,102,94,79,99],[80,100,116,84,69,103,88],[104,89,74,101,117,85,70],[86,71,105,90,75,95,118],[96,112,87,72,106,91,76],[92,77,97,113,81,73,107]],
      earth: [[92,96,86,104,80,115,67],[77,112,71,89,100,83,108],[97,87,105,74,116,68,93],[113,72,90,101,84,102,78],[81,106,75,117,69,94,98],[73,91,95,85,103,79,114],[107,76,118,70,88,99,82]],
      air:   [[107,73,81,113,97,77,92],[76,91,106,72,87,112,96],[118,95,75,90,105,71,86],[70,85,117,101,74,89,104],[88,103,69,84,116,100,80],[99,79,94,102,68,83,115],[82,114,98,78,93,108,67]],
      water: [[82,99,88,70,118,76,107],[114,79,103,85,95,91,73],[98,94,69,117,75,106,81],[78,102,84,101,90,72,113],[93,68,116,74,105,87,97],[108,83,100,89,71,112,77],[67,115,80,104,86,96,92]],
      hierarchy: { usurper:67, guide:118, mystery:185, adjuster:640, leader:1920, regulator:2560, genGov:5120, highOverseer:604160 },
      angelArabic: { usurper:26, guide:77, mystery:144, adjuster:599, leader:1879, regulator:2519, genGov:5079, highOverseer:604119 },
      angelHebrew: { usurper:36, guide:87, mystery:154, adjuster:609, leader:1889, regulator:2529, genGov:5089, highOverseer:604129 },
      jinnArabic:  { usurper:108, guide:159, mystery:226, adjuster:321, leader:1601, regulator:2241, genGov:4801, highOverseer:603841 },
