// ═══════════════════════════════════════════════════════════════════════════
//  PERMANENT BOOK KNOWLEDGE DATABASE — PART 4
//  Source: "The Occult Encyclopedia of Magick Squares"
//  PDF Pages: 659–709 (51 pages) — PLANETARY CHAPTERS
//  Covers: Saturn (final entities), Jupiter (full chapter), Mars (full), Sun (start)
//  Date Added: 2026-06-07
// ═══════════════════════════════════════════════════════════════════════════

// ─────────────────────────────────────────────────────────────────────────────
//  SECTION A — SATURN CHAPTER: REMAINING PLANETARY ENTITIES (pp.659–673)
//  Context: These pages continue Saturn chapter entities for Aquarius-level
//  entities that were cut off. The Adjuster=713 across all pp.659–661 entries
//  confirms these belong to a Saturn-chapter entity with MC=713.
// ─────────────────────────────────────────────────────────────────────────────

export const SATURN_CHAPTER_ENTITIES = [

  // ── SATURN ENTITY with MC=713 (pp.659–661) ──────────────────────────────
  // This appears to be a continuation entity from the Aquarius/Pisces region
  {
    name: "Saturn Chapter Entity (MC=713, multiple planet variants)",
    adjuster: 713,
    leader: 2139,
    regulator: 2852,
    genGov: 5704,
    planetaryVariants: [
      {
        planet: "Moon", gridSize: 9, usurper: 57, guide: 125,
        mystery: 182, highOverseer: 713000,
        angelArabic: { usurper:16, guide:84, mystery:141, adjuster:672 },
        angelHebrew: { usurper:26, guide:94, mystery:151, adjuster:682 },
        jinnArabic:  { usurper:98, guide:166, mystery:223, adjuster:394 },
        jinnHebrew:  { usurper:88, guide:156, mystery:213, adjuster:384 },
        squares: {
          fire: [
            [83,96,58,67,121,51,87,103,47],
            [43,86,108,63,79,95,50,72,117],
            [113,55,71,107,39,91,100,62,75],
            [110,42,85,94,65,78,116,49,74],
            [70,115,54,90,106,41,77,99,61],
            [57,82,98,53,66,120,46,89,102],
            [56,69,114,40,92,105,60,76,101],
            [97,59,81,119,52,68,104,45,88],
            [84,109,44,80,93,64,73,118,48],
          ],
          earth: [
            [47,117,75,74,61,102,101,88,48],
            [103,72,62,49,99,89,76,45,118],
            [87,50,100,116,77,46,60,104,73],
            [51,95,91,78,41,120,105,68,64],
            [121,79,39,65,106,66,92,52,93],
            [67,63,107,94,90,53,40,119,80],
            [58,108,71,85,54,98,114,81,44],
            [96,86,55,42,115,82,69,59,109],
            [83,43,113,110,70,57,56,97,84],
          ],
          air: [
            [48,118,73,64,93,80,44,109,84],
            [88,45,104,68,52,119,81,59,97],
            [101,76,60,105,92,40,114,69,56],
            [102,89,46,120,66,53,98,82,57],
            [61,99,77,41,106,90,54,115,70],
            [74,49,116,78,65,94,85,42,110],
            [75,62,100,91,39,107,71,55,113],
            [117,72,50,95,79,63,108,86,43],
            [47,103,87,51,121,67,58,96,83],
          ],
          water: [
            [84,97,56,57,70,110,113,43,83],
            [109,59,69,82,115,42,55,86,96],
            [44,81,114,98,54,85,71,108,58],
            [80,119,40,53,90,94,107,63,67],
            [93,52,92,66,106,65,39,79,121],
            [64,68,105,120,41,78,91,95,51],
            [73,104,60,46,77,116,100,50,87],
            [118,45,76,89,99,49,62,72,103],
            [48,88,101,102,61,74,75,117,47],
          ],
        },
        page: "659-660",
      },
      {
        planet: "Moon", gridSize: 9, usurper: 39, guide: 121, variant: "B",
        mystery: 160, highOverseer: 690184,
        angelArabic: { usurper:358, guide:80, mystery:119, adjuster:672 },
        angelHebrew: { usurper:8, guide:90, mystery:129, adjuster:682 },
        jinnArabic:  { usurper:80, guide:162, mystery:201, adjuster:394 },
        jinnHebrew:  { usurper:70, guide:152, mystery:191, adjuster:384 },
        page: "660",
      },
      {
        planet: "Saturn", gridSize: 10, usurper: 21, guide: 128,
        mystery: 149, highOverseer: 730112,
        angelArabic: { usurper:340, guide:87, mystery:108, adjuster:672 },
        angelHebrew: { usurper:350, guide:97, mystery:118, adjuster:682 },
        jinnArabic:  { usurper:62, guide:169, mystery:190, adjuster:394 },
        jinnHebrew:  { usurper:52, guide:159, mystery:180, adjuster:384 },
        squares: {
          fire: [
            [21,39,46,84,75,121,68,60,92,107],
            [32,96,89,80,123,105,23,65,51,49],
            [47,52,76,122,106,91,40,28,69,82],
            [53,78,120,108,41,87,95,36,25,70],
            [66,119,110,45,56,79,83,93,38,24],
            [73,30,31,98,86,62,58,48,103,124],
            [85,67,27,34,100,55,43,104,127,71],
            [99,88,63,22,33,50,101,126,74,57],
            [109,42,54,61,29,37,125,72,90,94],
            [128,102,97,59,64,26,77,81,44,35],
          ],
          earth: [
            [128,109,99,85,73,66,53,47,32,21],
            [102,42,88,67,30,119,78,52,96,39],
            [97,54,63,27,31,110,120,76,89,46],
            [59,61,22,34,98,45,108,122,80,84],
            [64,29,33,100,86,56,41,106,123,75],
            [26,37,50,55,62,79,87,91,105,121],
            [77,125,101,43,58,83,95,40,23,68],
            [81,72,126,104,48,93,36,28,65,60],
            [44,90,74,127,103,38,25,69,51,92],
            [35,94,57,71,124,24,70,82,49,107],
          ],
          air: [
            [35,44,81,77,26,64,59,97,102,128],
            [94,90,72,125,37,29,61,54,42,109],
            [57,74,126,101,50,33,22,63,88,99],
            [71,127,104,43,55,100,34,27,67,85],
            [124,103,48,58,62,86,98,31,30,73],
            [24,38,93,83,79,56,45,110,119,66],
            [70,25,36,95,87,41,108,120,78,53],
            [82,69,28,40,91,106,122,76,52,47],
            [49,51,65,23,105,123,80,89,96,32],
            [107,92,60,68,121,75,84,46,39,21],
          ],
          water: [
            [107,49,82,70,24,124,71,57,94,35],
            [92,51,69,25,38,103,127,74,90,44],
            [60,65,28,36,93,48,104,126,72,81],
            [68,23,40,95,83,58,43,101,125,77],
            [121,105,91,87,79,62,55,50,37,26],
            [75,123,106,41,56,86,100,33,29,64],
            [84,80,122,108,45,98,34,22,61,59],
            [46,89,76,120,110,31,27,63,54,97],
            [39,96,52,78,119,30,67,88,42,102],
            [21,32,47,53,66,73,85,99,109,128],
          ],
        },
        page: "661-662",
      },
    ],
    page: "659-673",
  },

  // ── ARCHANGEL: TZAPHQIEL (311) — p.662 ──────────────────────────────────
  {
    name: "Archangel of Saturn: Tzaphqiel", hebrewValue: 311,
    gridSize: 4,
    hebrewSquare: { numerical: [[89,81,103,38],[102,39,88,82],[79,91,40,101]] },
    note: "Numerical Squares See Page: 636",
    page: "662",
  },

  // ── ANGEL: CASSIEL (121) — p.663 ────────────────────────────────────────
  {
    name: "Angel of Saturn: Cassiel", hebrewValue: 121,
    gridSize: 4,
    hebrewSquare: { numerical: [[19,61,13,28],[12,29,18,62],[59,21,30,11]] },
    note: "Numerical Squares See Page: 216",
    page: "663",
  },

  // ── INTELLIGENCE: AGIEL (45) — p.663 ────────────────────────────────────
  {
    name: "Intelligence of Saturn: Agiel", hebrewValue: 45,
    gridSize: 4,
    hebrewSquare: { numerical: [[3,11,4,7],[3,8,2,12],[9,5,9,2]] },
    squares: {
      fire:  [[1,3,14,8],[19,9,11,6],[13,4,21,7],[10,18,5,12]],
      air:   [[12,5,18,10],[7,21,4,13],[6,11,9,19],[8,14,3,1]],
      earth: [[10,13,19,1],[18,4,9,3],[5,21,11,8],[12,7,6,14]],
      water: [[14,6,7,12],[3,11,21,5],[8,9,4,18],[1,19,13,10]],
    },
    page: "663",
  },

  // ── SPIRIT: ZAZEL (45) — p.664 ──────────────────────────────────────────
  {
    name: "Spirit of Saturn: Zazel", hebrewValue: 45,
    gridSize: 4,
    hebrewSquare: { numerical: [[6,2,6,31],[5,28,9,3],[4,8,29,4]] },
    note: "Numerical Squares See Page: 663",
    hierarchy: { usurper:3, guide:21, mystery:24, adjuster:360, leader:1080, regulator:1440, genGov:2880, highOverseer:60480 },
    angelArabic: { usurper:322, guide:340, mystery:343, adjuster:319, leader:1039, regulator:1399, genGov:2839, highOverseer:60439 },
    angelHebrew: { usurper:332, guide:350, mystery:353, adjuster:329, leader:1049, regulator:1409, genGov:2849, highOverseer:60449 },
    jinnArabic:  { usurper:44, guide:62, mystery:65, adjuster:41, leader:761, regulator:1121, genGov:2561, highOverseer:60161 },
    jinnHebrew:  { usurper:34, guide:52, mystery:55, adjuster:31, leader:751, regulator:1111, genGov:2551, highOverseer:60151 },
    page: "664",
  },

  // ── OLYMPIC SPIRIT: ARATHRON (858) — p.664 ──────────────────────────────
  {
    name: "Olympic Spirit of Saturn: Arathron", hebrewValue: 858,
    gridSize: 4,
    hebrewSquare: { numerical: [[200,402,209,47],[208,48,199,403],[400,202,49,207]] },
    page: "664",
  },

  // ── OLYMPIC SPIRIT: ARATHRON — Jupiter squares (pp.665–666) ─────────────
  {
    name: "Arathron Jupiter 4×4 squares",
    squares: {
      fire:  [[207,218,212,221],[220,213,215,210],[217,208,222,211],[214,219,209,216]],
      air:   [[216,209,219,214],[211,222,208,217],[210,215,213,220],[221,212,218,207]],
      earth: [[214,217,220,207],[219,208,213,218],[209,222,215,212],[216,211,210,221]],
      water: [[221,210,211,216],[212,215,222,209],[218,213,208,219],[207,220,217,214]],
    },
    hierarchy: { usurper:207, guide:222, mystery:429, adjuster:6864, leader:20592, regulator:27456, genGov:54912, highOverseer:12190464 },
    angelArabic: { usurper:166, guide:181, mystery:388, adjuster:6823, leader:20551, regulator:27415, genGov:54871, highOverseer:12190423 },
    angelHebrew: { usurper:176, guide:191, mystery:398, adjuster:6833, leader:20561, regulator:27425, genGov:54881, highOverseer:12190433 },
    jinnArabic:  { usurper:248, guide:263, mystery:110, adjuster:6545, leader:20273, regulator:27137, genGov:54593, highOverseer:12190145 },
    jinnHebrew:  { usurper:238, guide:253, mystery:100, adjuster:6535, leader:20263, regulator:27127, genGov:54583, highOverseer:12190135 },
    page: "665",
  },

  // ── ARATHRON Mars 5×5 variant (p.665) ───────────────────────────────────
  {
    name: "Arathron Mars 5×5",
    squares: {
      fire:  [[159,186,177,171,165],[172,166,160,182,178],[183,174,173,167,161],[168,162,184,175,169],[176,170,164,163,185]],
      air:   [[176,168,183,172,159],[170,162,174,166,186],[164,184,173,160,177],[163,175,167,182,171],[185,169,161,178,165]],
      earth: [[185,163,164,170,176],[169,175,184,162,168],[161,167,173,174,183],[178,182,160,166,172],[165,171,177,186,159]],
      water: [[165,178,161,169,185],[171,182,167,175,163],[177,160,173,184,164],[186,166,174,162,170],[159,172,183,168,176]],
    },
    hierarchy: { usurper:159, guide:186, mystery:345, adjuster:858, leader:2574, regulator:3432, genGov:6864, highOverseer:1276704 },
    angelArabic: { usurper:118, guide:145, mystery:304, adjuster:817, leader:2533, regulator:3391, genGov:6823, highOverseer:1276663 },
    angelHebrew: { usurper:128, guide:155, mystery:314, adjuster:827, leader:2543, regulator:3401, genGov:6833, highOverseer:1276673 },
    jinnArabic:  { usurper:200, guide:227, mystery:26, adjuster:539, leader:2255, regulator:3113, genGov:6545, highOverseer:1276385 },
    jinnHebrew:  { usurper:190, guide:217, mystery:16, adjuster:529, leader:2245, regulator:3103, genGov:6535, highOverseer:1276375 },
    page: "665",
  },

  // ── ARATHRON Sun 6×6 variant (p.666) ────────────────────────────────────
  {
    name: "Arathron Sun 6×6",
    squares: {
      fire:  [[125,136,159,142,146,150],[131,141,152,158,129,147],[137,162,145,135,151,128],[148,127,138,153,132,160],[154,143,134,126,161,140],[163,149,130,144,139,133]],
      air:   [[133,139,144,130,149,163],[140,161,126,134,143,154],[160,132,153,138,127,148],[128,151,135,145,162,137],[147,129,158,152,141,131],[150,146,142,159,136,125]],
      earth: [[163,154,148,137,131,125],[149,143,127,162,141,136],[130,134,138,145,152,159],[144,126,153,135,158,142],[139,161,132,151,129,146],[133,140,160,128,147,150]],
      water: [[150,147,128,160,140,133],[146,129,151,132,161,139],[142,158,135,153,126,144],[159,152,145,138,134,130],[136,141,162,127,143,149],[125,131,137,148,154,163]],
    },
    hierarchy: { usurper:125, guide:163, mystery:288, adjuster:858, leader:2574, regulator:3432, genGov:6864, highOverseer:1118832 },
    angelArabic: { usurper:84, guide:122, mystery:247, adjuster:817, leader:2533, regulator:3391, genGov:6823, highOverseer:1118791 },
    angelHebrew: { usurper:94, guide:132, mystery:257, adjuster:827, leader:2543, regulator:3401, genGov:6833, highOverseer:1118801 },
    jinnArabic:  { usurper:166, guide:204, mystery:329, adjuster:539, leader:2255, regulator:3113, genGov:6545, highOverseer:1118513 },
    jinnHebrew:  { usurper:156, guide:194, mystery:319, adjuster:529, leader:2245, regulator:3103, genGov:6535, highOverseer:1118503 },
    page: "666",
  },

  // ── ARATHRON Venus 7×7 (p.667) ──────────────────────────────────────────
  {
    name: "Arathron Venus 7×7",
    squares: {
      fire:  [[98,139,124,109,129,146,113],[147,114,99,133,125,110,130],[111,131,148,115,100,134,119],[135,120,105,132,149,116,101],[117,102,136,121,106,126,150],[127,144,118,103,137,122,107],[123,108,128,145,112,104,138]],
      earth: [[123,127,117,135,111,147,98],[108,144,102,120,131,114,139],[128,118,136,105,148,99,124],[145,103,121,132,115,133,109],[112,137,106,149,100,125,129],[104,122,126,116,134,110,146],[138,107,150,101,119,130,113]],
      air:   [[138,104,112,145,128,108,123],[107,122,137,103,118,144,127],[150,126,106,121,136,102,117],[101,116,149,132,105,120,135],[119,134,100,115,148,131,111],[130,110,125,133,99,114,147],[113,146,129,109,124,139,98]],
      water: [[113,130,119,101,150,107,138],[146,110,134,116,126,122,104],[129,125,100,149,106,137,112],[109,133,115,132,121,103,145],[124,99,148,105,136,118,128],[139,114,131,120,102,144,108],[98,147,111,135,117,127,123]],
    },
    hierarchy: { usurper:98, guide:150, mystery:248, adjuster:858, leader:2574, regulator:3432, genGov:6864, highOverseer:1029600 },
    angelArabic: { usurper:57, guide:109, mystery:207, adjuster:817, leader:2533, regulator:3391, genGov:6823, highOverseer:1029559 },
    angelHebrew: { usurper:67, guide:119, mystery:217, adjuster:827, leader:2543, regulator:3401, genGov:6833, highOverseer:1029569 },
    jinnArabic:  { usurper:139, guide:191, mystery:289, adjuster:539, leader:2255, regulator:3113, genGov:6545, highOverseer:1029281 },
    jinnHebrew:  { usurper:129, guide:181, mystery:279, adjuster:529, leader:2245, regulator:3103, genGov:6535, highOverseer:1029271 },
    page: "667-668",
  },

  // ── ARATHRON Mercury 8×8 (pp.668–669) ───────────────────────────────────
  {
    name: "Arathron Mercury 8×8",
    squares: {
      fire:  [[75,91,142,120,109,125,106,90],[83,99,128,112,117,139,98,82],[126,110,89,105,92,76,119,141],[140,118,81,97,100,84,111,127],[104,88,107,123,144,122,77,93],[96,80,115,137,130,114,85,101],[121,143,94,78,87,103,124,108],[113,129,102,86,79,95,138,116]],
      earth: [[113,121,96,104,140,126,83,75],[129,143,80,88,118,110,99,91],[102,94,115,107,81,89,128,142],[86,78,137,123,97,105,112,120],[79,87,130,144,100,92,117,109],[95,103,114,122,84,76,139,125],[138,124,85,77,111,119,98,106],[116,108,101,93,127,141,82,90]],
      air:   [[116,138,95,79,86,102,129,113],[108,124,103,87,78,94,143,121],[101,85,114,130,137,115,80,96],[93,77,122,144,123,107,88,104],[127,111,84,100,97,81,118,140],[141,119,76,92,105,89,110,126],[82,98,139,117,112,128,99,83],[90,106,125,109,120,142,91,75]],
      water: [[90,82,141,127,93,101,108,116],[106,98,119,111,77,85,124,138],[125,139,76,84,122,114,103,95],[109,117,92,100,144,130,87,79],[120,112,105,97,123,137,78,86],[142,128,89,81,107,115,94,102],[91,99,110,118,88,80,143,129],[75,83,126,140,104,96,121,113]],
    },
    hierarchy: { usurper:75, guide:144, mystery:219, adjuster:858, leader:2574, regulator:3432, genGov:6864, highOverseer:988416 },
    angelArabic: { usurper:34, guide:103, mystery:178, adjuster:817, leader:2533, regulator:3391, genGov:6823, highOverseer:988375 },
    angelHebrew: { usurper:44, guide:113, mystery:188, adjuster:827, leader:2543, regulator:3401, genGov:6833, highOverseer:988385 },
    jinnArabic:  { usurper:116, guide:185, mystery:260, adjuster:539, leader:2255, regulator:3113, genGov:6545, highOverseer:988097 },
    jinnHebrew:  { usurper:106, guide:175, mystery:250, adjuster:529, leader:2245, regulator:3103, genGov:6535, highOverseer:988087 },
    page: "668-670",
  },

  // ── ARATHRON Moon 9×9 variants (pp.670–671) ─────────────────────────────
  {
    name: "Arathron Moon 9×9 variant A (usurper=75)",
    hierarchy: { usurper:75, guide:138, mystery:213, adjuster:858, leader:2574, regulator:3432, genGov:6864, highOverseer:947232 },
    angelArabic: { usurper:55, guide:97, mystery:193, adjuster:817, leader:2533, regulator:3391, genGov:6823 },
    jinnArabic:  { usurper:96, guide:179, mystery:255, adjuster:539, leader:2255, regulator:3113, genGov:6545 },
    page: "670",
  },
  {
    name: "Arathron Moon 9×9 variant B (usurper=55)",
    hierarchy: { usurper:55, guide:138, mystery:193, adjuster:858, leader:2574, regulator:3432, genGov:6864, highOverseer:947232 },
    angelArabic: { usurper:14, guide:97, mystery:152, adjuster:817 },
    angelHebrew: { usurper:24, guide:107, mystery:162, adjuster:827 },
    jinnArabic:  { usurper:96, guide:179, mystery:234, adjuster:539 },
    jinnHebrew:  { usurper:86, guide:169, mystery:224, adjuster:529 },
    page: "671",
  },

  // ── ARATHRON Saturn 10×10 variants (pp.672–673) ─────────────────────────
  {
    name: "Arathron Saturn 10×10 variant A (usurper=36)",
    squares: {
      fire: [[36,54,61,99,90,131,83,75,107,122],[47,111,104,95,133,120,38,80,66,64],[62,67,91,132,121,106,55,43,84,97],[68,93,130,123,56,102,110,51,40,85],[81,129,125,60,71,94,98,108,53,39],[88,45,46,113,101,77,73,63,118,134],[100,82,42,49,115,70,58,119,137,86],[114,103,78,37,48,65,116,136,89,72],[124,57,69,76,44,52,135,87,105,109],[138,117,112,74,79,41,92,96,59,50]],
      earth: [[138,124,114,100,88,81,68,62,47,36],[117,57,103,82,45,129,93,67,111,54],[112,69,78,42,46,125,130,91,104,61],[74,76,37,49,113,60,123,132,95,99],[79,44,48,115,101,71,56,121,133,90],[41,52,65,70,77,94,102,106,120,131],[92,135,116,58,73,98,110,55,38,83],[96,87,136,119,63,108,51,43,80,75],[59,105,89,137,118,53,40,84,66,107],[50,109,72,86,134,39,85,97,64,122]],
    },
    hierarchy: { usurper:36, guide:138, mystery:174, adjuster:858, leader:2574, regulator:3432, genGov:6864, highOverseer:947232 },
    angelArabic: { usurper:355, guide:97, mystery:133, adjuster:817 },
    angelHebrew: { usurper:5, guide:107, mystery:143, adjuster:827 },
    jinnArabic:  { usurper:77, guide:179, mystery:215, adjuster:539 },
    jinnHebrew:  { usurper:67, guide:169, mystery:205, adjuster:529 },
    page: "672-673",
  },
];

// ─────────────────────────────────────────────────────────────────────────────
//  SECTION B — JUPITER CHAPTER (pp.674–683)
// ─────────────────────────────────────────────────────────────────────────────

export const JUPITER_CHAPTER = {

  // ── JUPITER: TZEDEK (194) — p.674 ────────────────────────────────────────
  planet: {
    name: "Jupiter: Tzedek", hebrewValue: 194,
    note: "No Hebrew Squares Available",
    squares: {
      fire:  [[41,52,46,55],[54,47,49,44],[51,42,56,45],[48,53,43,50]],
      air:   [[50,43,53,48],[45,56,42,51],[44,49,47,54],[55,46,52,41]],
      earth: [[48,51,54,41],[53,42,47,52],[43,56,49,46],[50,45,44,55]],
      water: [[55,44,45,50],[46,49,56,43],[52,47,42,53],[41,54,51,48]],
    },
    hierarchy_4x4: { usurper:41, guide:56, mystery:97, adjuster:1552, leader:4656, regulator:6208, genGov:12416, highOverseer:695296 },
    angelArabic: { usurper:360, guide:15, mystery:56, adjuster:1511, leader:4615, regulator:6167, genGov:12375, highOverseer:695255 },
    angelHebrew: { usurper:10, guide:25, mystery:66, adjuster:1521, leader:4625, regulator:6177, genGov:12385, highOverseer:695265 },
    jinnArabic:  { usurper:82, guide:97, mystery:138, adjuster:1233, leader:4337, regulator:5889, genGov:12097, highOverseer:694977 },
    jinnHebrew:  { usurper:72, guide:87, mystery:128, adjuster:1223, leader:4327, regulator:5879, genGov:12087, highOverseer:694967 },
    page: "674-675",
  },

  // ── JUPITER Mars 5×5 variant (p.675) ─────────────────────────────────────
  mars5x5: {
    squares: {
      fire:  [[26,54,44,38,32],[39,33,27,50,45],[51,41,40,34,28],[35,29,52,42,36],[43,37,31,30,53]],
      air:   [[43,35,51,39,26],[37,29,41,33,54],[31,52,40,27,44],[30,42,34,50,38],[53,36,28,45,32]],
      earth: [[53,30,31,37,43],[36,42,52,29,35],[28,34,40,41,51],[45,50,27,33,39],[32,38,44,54,26]],
      water: [[32,45,28,36,53],[38,50,34,42,30],[44,27,40,52,31],[54,33,41,29,37],[26,39,51,35,43]],
    },
    hierarchy: { usurper:26, guide:54, mystery:80, adjuster:194, leader:582, regulator:776, genGov:1552, highOverseer:83808 },
    angelArabic: { usurper:345, guide:13, mystery:39, adjuster:153, leader:541, regulator:735, genGov:1511, highOverseer:83767 },
    angelHebrew: { usurper:355, guide:23, mystery:49, adjuster:163, leader:551, regulator:745, genGov:1521, highOverseer:83777 },
    jinnArabic:  { usurper:67, guide:95, mystery:121, adjuster:235, leader:263, regulator:457, genGov:1233, highOverseer:83489 },
    jinnHebrew:  { usurper:57, guide:85, mystery:111, adjuster:225, leader:253, regulator:447, genGov:1223, highOverseer:83479 },
    page: "675",
  },

  // ── JUPITER Sun 6×6 variant (p.676) ──────────────────────────────────────
  sun6x6: {
    squares: {
      fire:  [[14,25,50,31,35,39],[20,30,41,49,18,36],[26,53,34,24,40,17],[37,16,27,42,21,51],[43,32,23,15,52,29],[54,38,19,33,28,22]],
      air:   [[22,28,33,19,38,54],[29,52,15,23,32,43],[51,21,42,27,16,37],[17,40,24,34,53,26],[36,18,49,41,30,20],[39,35,31,50,25,14]],
      earth: [[54,43,37,26,20,14],[38,32,16,53,30,25],[19,23,27,34,41,50],[33,15,42,24,49,31],[28,52,21,40,18,35],[22,29,51,17,36,39]],
      water: [[39,36,17,51,29,22],[35,18,40,21,52,28],[31,49,24,42,15,33],[50,41,34,27,23,19],[25,30,53,16,32,38],[14,20,26,37,43,54]],
    },
    hierarchy: { usurper:14, guide:54, mystery:68, adjuster:194, leader:582, regulator:776, genGov:1552, highOverseer:83808 },
    angelArabic: { usurper:333, guide:13, mystery:27, adjuster:153, leader:541, regulator:735, genGov:1511, highOverseer:83767 },
    angelHebrew: { usurper:343, guide:23, mystery:37, adjuster:163, leader:551, regulator:745, genGov:1521, highOverseer:83777 },
    jinnArabic:  { usurper:55, guide:95, mystery:109, adjuster:235, leader:263, regulator:457, genGov:1233, highOverseer:83489 },
    jinnHebrew:  { usurper:45, guide:85, mystery:99, adjuster:225, leader:253, regulator:447, genGov:1223, highOverseer:83479 },
    page: "676",
  },

  // ── JUPITER Venus 7×7 variants A and B (pp.676–677) ──────────────────────
  venus7x7_A: {
    squares: {
      fire:  [[3,44,29,14,34,52,18],[53,19,4,38,30,15,35],[16,36,54,20,5,39,24],[40,25,10,37,55,21,6],[22,7,41,26,11,31,56],[32,50,23,8,42,27,12],[28,13,33,51,17,9,43]],
      earth: [[28,32,22,40,16,53,3],[13,50,7,25,36,19,44],[33,23,41,10,54,4,29],[51,8,26,37,20,38,14],[17,42,11,55,5,30,34],[9,27,31,21,39,15,52],[43,12,56,6,24,35,18]],
    },
    hierarchy: { usurper:3, guide:56, mystery:59, adjuster:194, leader:582, regulator:776, genGov:1552, highOverseer:86912 },
    angelArabic: { usurper:322, guide:15, mystery:18, adjuster:153, leader:541, regulator:735, genGov:1511, highOverseer:86871 },
    angelHebrew: { usurper:332, guide:25, mystery:28, adjuster:163, leader:551, regulator:745, genGov:1521, highOverseer:86881 },
    jinnArabic:  { usurper:44, guide:97, mystery:100, adjuster:235, leader:263, regulator:457, genGov:1233, highOverseer:86593 },
    jinnHebrew:  { usurper:34, guide:87, mystery:90, adjuster:225, leader:253, regulator:447, genGov:1223, highOverseer:86583 },
    page: "677",
  },

  // ── ARCHANGEL: TZADQIEL (235) — p.677 ────────────────────────────────────
  archangel: {
    name: "Archangel of Jupiter: Tzadqiel", hebrewValue: 235,
    gridSize: 4,
    hebrewSquare: { numerical: [[89,5,103,38],[102,39,88,6],[3,91,40,101]] },
    page: "677",
  },

  // ── JUPITER second set (p.678) — Tzadqiel's squares ──────────────────────
  tzadqiel_squares: {
    fire:  [[51,62,56,66],[65,57,59,54],[61,52,67,55],[58,64,53,60]],
    air:   [[60,53,64,58],[55,67,52,61],[54,59,57,65],[66,56,62,51]],
    earth: [[58,61,65,51],[64,52,57,62],[53,67,59,56],[60,55,54,66]],
    water: [[66,54,55,60],[56,59,67,53],[62,57,52,64],[51,65,61,58]],
    hierarchy: { usurper:51, guide:67, mystery:118, adjuster:1880, leader:5640, regulator:7520, genGov:15040, highOverseer:1007680 },
    angelArabic: { usurper:10, guide:26, mystery:77, adjuster:1839, leader:5599, regulator:7479, genGov:14999, highOverseer:1007639 },
    angelHebrew: { usurper:20, guide:36, mystery:87, adjuster:1849, leader:5609, regulator:7489, genGov:15009, highOverseer:1007649 },
    jinnArabic:  { usurper:92, guide:108, mystery:159, adjuster:1561, leader:5321, regulator:7201, genGov:14721, highOverseer:1007361 },
    jinnHebrew:  { usurper:82, guide:98, mystery:149, adjuster:1551, leader:5311, regulator:7191, genGov:14711, highOverseer:1007351 },
    page: "678",
  },

  // ── TZADQIEL Mars 5×5 variant (p.678) ────────────────────────────────────
  tzadqiel_mars5x5: {
    squares: {
      fire:  [[35,59,53,47,41],[48,42,36,55,54],[56,50,49,43,37],[44,38,57,51,45],[52,46,40,39,58]],
      air:   [[52,44,56,48,35],[46,38,50,42,59],[40,57,49,36,53],[39,51,43,55,47],[58,45,37,54,41]],
      earth: [[58,39,40,46,52],[45,51,57,38,44],[37,43,49,50,56],[54,55,36,42,48],[41,47,53,59,35]],
      water: [[41,54,37,45,58],[47,55,43,51,39],[53,36,49,57,40],[59,42,50,38,46],[35,48,56,44,52]],
    },
    hierarchy: { usurper:35, guide:59, mystery:94, adjuster:235, leader:705, regulator:940, genGov:1880, highOverseer:110920 },
    angelArabic: { usurper:354, guide:18, mystery:53, adjuster:194, leader:664, regulator:899, genGov:1839, highOverseer:110879 },
    angelHebrew: { usurper:4, guide:28, mystery:63, adjuster:204, leader:674, regulator:909, genGov:1849, highOverseer:110889 },
    jinnArabic:  { usurper:76, guide:100, mystery:135, adjuster:276, leader:386, regulator:621, genGov:1561, highOverseer:110601 },
    jinnHebrew:  { usurper:66, guide:90, mystery:125, adjuster:266, leader:376, regulator:611, genGov:1551, highOverseer:110591 },
    page: "679",
  },

  // ── TZADQIEL Venus 7×7 (pp.679–680) ──────────────────────────────────────
  tzadqiel_venus7x7: {
    squares: {
      fire:  [[9,50,35,20,40,57,24],[58,25,10,44,36,21,41],[22,42,59,26,11,45,30],[46,31,16,43,60,27,12],[28,13,47,32,17,37,61],[38,55,29,14,48,33,18],[34,19,39,56,23,15,49]],
      earth: [[34,38,28,46,22,58,9],[19,55,13,31,42,25,50],[39,29,47,16,59,10,35],[56,14,32,43,26,44,20],[23,48,17,60,11,36,40],[15,33,37,27,45,21,57],[49,18,61,12,30,41,24]],
    },
    hierarchy: { usurper:21, guide:61, mystery:81, adjuster:235, leader:705, regulator:940, genGov:1880, highOverseer:112800 },
    angelArabic: { usurper:340, guide:20, mystery:40, adjuster:194, leader:664, regulator:899, genGov:1839, highOverseer:112759 },
    angelHebrew: { usurper:350, guide:30, mystery:50, adjuster:204, leader:674, regulator:909, genGov:1849, highOverseer:112769 },
    jinnArabic:  { usurper:62, guide:102, mystery:122, adjuster:276, leader:386, regulator:621, genGov:1561, highOverseer:112481 },
    jinnHebrew:  { usurper:52, guide:92, mystery:112, adjuster:266, leader:376, regulator:611, genGov:1551, highOverseer:112471 },
    page: "680",
  },

  // ── ANGEL: SACHIEL (109) — p.681 ─────────────────────────────────────────
  angel: {
    name: "Angel of Jupiter: Sachiel", hebrewValue: 109,
    gridSize: 4,
    hebrewSquare: { numerical: [[59,9,13,28],[12,29,58,10],[7,61,30,11]] },
    squares: {
      fire:  [[19,30,24,36],[35,25,27,22],[29,20,37,23],[26,34,21,28]],
      air:   [[28,21,34,26],[23,37,20,29],[22,27,25,35],[36,24,30,19]],
      earth: [[26,29,35,19],[34,20,25,30],[21,37,27,24],[28,23,22,36]],
      water: [[36,22,23,28],[24,27,37,21],[30,25,20,34],[19,35,29,26]],
    },
    hierarchy: { usurper:9, guide:61, mystery:70, adjuster:235, leader:705, regulator:940, genGov:1880, highOverseer:114680 },
    angelArabic: { usurper:328, guide:20, mystery:29, adjuster:194, leader:664, regulator:899, genGov:1839, highOverseer:114639 },
    angelHebrew: { usurper:338, guide:30, mystery:39, adjuster:204, leader:674, regulator:909, genGov:1849, highOverseer:114649 },
    jinnArabic:  { usurper:50, guide:102, mystery:111, adjuster:276, leader:386, regulator:621, genGov:1561, highOverseer:114361 },
    jinnHebrew:  { usurper:40, guide:92, mystery:101, adjuster:266, leader:376, regulator:611, genGov:1551, highOverseer:114351 },
    page: "681",
  },

  // ── INTELLIGENCE: IOPHIEL (136) — p.683 ──────────────────────────────────
  intelligence: {
    name: "Intelligence of Jupiter: Iophiel", hebrewValue: 136,
    gridSize: 4,
    hebrewSquare: { numerical: [[9,6,83,38],[82,39,8,7],[4,11,40,81]] },
    squares: {
      fire:  [[26,37,31,42],[41,32,34,29],[36,27,43,30],[33,40,28,35]],
      air:   [[35,28,40,33],[30,43,27,36],[29,34,32,41],[42,31,37,26]],
      earth: [[33,36,41,26],[40,27,32,37],[28,43,34,31],[35,30,29,42]],
      water: [[42,29,30,35],[31,34,43,28],[37,32,27,40],[26,41,36,33]],
    },
    hierarchy: { usurper:26, guide:43, mystery:69, adjuster:1088, leader:3264, regulator:4352, genGov:8704, highOverseer:374272 },
    angelArabic: { usurper:345, guide:2, mystery:28, adjuster:1047, leader:3223, regulator:4311, genGov:8663, highOverseer:374231 },
    angelHebrew: { usurper:355, guide:12, mystery:38, adjuster:1057, leader:3233, regulator:4321, genGov:8673, highOverseer:374241 },
    jinnArabic:  { usurper:67, guide:84, mystery:110, adjuster:769, leader:2945, regulator:4033, genGov:8385, highOverseer:373953 },
    jinnHebrew:  { usurper:57, guide:74, mystery:100, adjuster:759, leader:2935, regulator:4023, genGov:8375, highOverseer:373943 },
    page: "683",
  },

  // ── SPIRIT: HISMAEL (136) — p.685 ────────────────────────────────────────
  spirit: {
    name: "Spirit of Jupiter: Hismael", hebrewValue: 136,
    gridSize: 4,
    hebrewSquare: { numerical: [[4,61,43,28],[42,29,3,62],[59,6,30,41]] },
    note: "Numerical Squares See Page: 683",
    page: "685",
  },

  // ── OLYMPIC SPIRIT: BETHOR (618) — p.686 ─────────────────────────────────
  olympic: {
    name: "Olympic Spirit of Jupiter: Bethor", hebrewValue: 618,
    gridSize: 4,
    hebrewSquare: { numerical: [[11,401,9,197],[8,198,10,402],[399,13,199,7]] },
    squares: {
      fire:  [[147,158,152,161],[160,153,155,150],[157,148,162,151],[154,159,149,156]],
      air:   [[156,149,159,154],[151,162,148,157],[150,155,153,160],[161,152,158,147]],
      earth: [[154,157,160,147],[159,148,153,158],[149,162,155,152],[156,151,150,161]],
      water: [[161,150,151,156],[152,155,162,149],[158,153,148,159],[147,160,157,154]],
    },
    hierarchy: { usurper:147, guide:162, mystery:309, adjuster:4944, leader:14832, regulator:19776, genGov:39552, highOverseer:6407424 },
    angelArabic: { usurper:106, guide:121, mystery:268, adjuster:4903, leader:14791, regulator:19735, genGov:39511, highOverseer:6407383 },
    angelHebrew: { usurper:116, guide:131, mystery:278, adjuster:4913, leader:14801, regulator:19745, genGov:39521, highOverseer:6407393 },
    jinnArabic:  { usurper:188, guide:203, mystery:350, adjuster:4625, leader:14513, regulator:19457, genGov:39233, highOverseer:6407105 },
    jinnHebrew:  { usurper:178, guide:193, mystery:340, adjuster:4615, leader:14503, regulator:19447, genGov:39223, highOverseer:6407095 },
    page: "686",
  },

  // ── BETHOR Mars 5×5 (p.687) ───────────────────────────────────────────────
  bethor_mars5x5: {
    hierarchy: { usurper:111, guide:138, mystery:249, adjuster:618, leader:1854, regulator:2472, genGov:4944, highOverseer:682272 },
    angelArabic: { usurper:70, guide:97, mystery:208, adjuster:577 },
    angelHebrew: { usurper:80, guide:107, mystery:218, adjuster:587 },
    jinnArabic:  { usurper:152, guide:179, mystery:290, adjuster:299 },
    jinnHebrew:  { usurper:142, guide:169, mystery:280, adjuster:289 },
    page: "687",
  },

  // ── BETHOR Sun 6×6 variants (pp.687–688) ─────────────────────────────────
  bethor_sun6x6_A: {
    hierarchy: { usurper:85, guide:123, mystery:208, adjuster:618, leader:1854, regulator:2472, genGov:4944, highOverseer:608112 },
    angelArabic: { usurper:44, guide:82, mystery:167, adjuster:577 },
    jinnArabic:  { usurper:126, guide:164, mystery:249, adjuster:299 },
    page: "687",
  },
};

// ─────────────────────────────────────────────────────────────────────────────
//  SECTION C — MARS CHAPTER (pp.695–700)
// ─────────────────────────────────────────────────────────────────────────────

export const MARS_CHAPTER = {

  // ── MARS: MADIM (94) — p.695 ─────────────────────────────────────────────
  planet: {
    name: "Mars: Madim", hebrewValue: 94,
    gridSize: 4,
    hebrewSquare: { numerical: [[39,5,13,37],[12,38,38,6],[3,41,39,11]] },
    squares: {
      fire:  [[16,27,21,30],[29,22,24,19],[26,17,31,20],[23,28,18,25]],
      air:   [[25,18,28,23],[20,31,17,26],[19,24,22,29],[30,21,27,16]],
      earth: [[23,26,29,16],[28,17,22,27],[18,31,24,21],[25,20,19,30]],
      water: [[30,19,20,25],[21,24,31,18],[27,22,17,28],[16,29,26,23]],
    },
    hierarchy_4x4: { usurper:16, guide:31, mystery:47, adjuster:752, leader:2256, regulator:3008, genGov:6016, highOverseer:186496 },
    angelArabic: { usurper:335, guide:350, mystery:6, adjuster:711, leader:2215, regulator:2967, genGov:5975, highOverseer:186455 },
    angelHebrew: { usurper:345, guide:360, mystery:16, adjuster:721, leader:2225, regulator:2977, genGov:5985, highOverseer:186465 },
    jinnArabic:  { usurper:57, guide:72, mystery:88, adjuster:433, leader:1937, regulator:2689, genGov:5697, highOverseer:186177 },
    jinnHebrew:  { usurper:47, guide:62, mystery:78, adjuster:423, leader:1927, regulator:2679, genGov:5687, highOverseer:186167 },
    page: "695",
  },

  // ── MARS Mars 5×5 variant (p.696) ────────────────────────────────────────
  mars5x5: {
    squares: {
      fire:  [[6,34,24,18,12],[19,13,7,30,25],[31,21,20,14,8],[15,9,32,22,16],[23,17,11,10,33]],
      air:   [[23,15,31,19,6],[17,9,21,13,34],[11,32,20,7,24],[10,22,14,30,18],[33,16,8,25,12]],
      earth: [[33,10,11,17,23],[16,22,32,9,15],[8,14,20,21,31],[25,30,7,13,19],[12,18,24,34,6]],
      water: [[12,25,8,16,33],[18,30,14,22,10],[24,7,20,32,11],[34,13,21,9,17],[6,19,31,15,23]],
    },
    hierarchy: { usurper:6, guide:34, mystery:40, adjuster:94, leader:282, regulator:376, genGov:752, highOverseer:25568 },
    angelArabic: { usurper:325, guide:353, mystery:359, adjuster:53, leader:241, regulator:335, genGov:711, highOverseer:25527 },
    angelHebrew: { usurper:335, guide:3, mystery:9, adjuster:63, leader:251, regulator:345, genGov:721, highOverseer:25537 },
    jinnArabic:  { usurper:47, guide:75, mystery:81, adjuster:135, leader:323, regulator:57, genGov:433, highOverseer:25249 },
    jinnHebrew:  { usurper:37, guide:65, mystery:71, adjuster:125, leader:313, regulator:47, genGov:423, highOverseer:25239 },
    page: "696",
  },

  // ── ARCHANGEL: KAMAEL (91) — p.697 ───────────────────────────────────────
  archangel: {
    name: "Archangel of Mars: Kamael", hebrewValue: 91,
    gridSize: 4,
    hebrewSquare: { numerical: [[19,41,4,27],[3,28,18,42],[39,21,29,2]] },
    note: "Numerical Squares See Page: 401",
    page: "697",
  },

  // ── ANGEL: ZAMAEL (78) — p.697 ───────────────────────────────────────────
  angel: {
    name: "Angel of Mars: Zamael", hebrewValue: 78,
    gridSize: 4,
    hebrewSquare: { numerical: [[6,41,4,27],[3,28,5,42],[39,8,29,2]] },
    note: "Numerical Squares See Page: 91",
    page: "697",
  },

  // ── INTELLIGENCE: GRAPHIEL (325) — p.697 ─────────────────────────────────
  intelligence: {
    name: "Intelligence of Mars: Graphiel", hebrewValue: 325,
    gridSize: 4,
    hebrewSquare: { numerical: [[2,202,83,38],[82,39,1,203],[200,4,40,81]] },
    note: "Numerical Squares See Page: 441",
    page: "697",
  },

  // ── SPIRIT: BARTZABEL (325) — p.698 ──────────────────────────────────────
  spirit: {
    name: "Spirit of Mars: Bartzabel", hebrewValue: 325,
    gridSize: 4,
    hebrewSquare: { numerical: [[201,91,5,28],[4,29,200,92],[89,203,30,3]] },
    note: "Numerical Squares See Page: 441",
    page: "698",
  },

  // ── OLYMPIC SPIRIT: PHALEG (113) — p.698 ─────────────────────────────────
  olympic: {
    name: "Olympic Spirit of Mars: Phaleg", hebrewValue: 113,
    note: "Hebrew Squares Not Available",
    squares: {
      fire:  [[20,31,25,37],[36,26,28,23],[30,21,38,24],[27,35,22,29]],
      air:   [[29,22,35,27],[24,38,21,30],[23,28,26,36],[37,25,31,20]],
      earth: [[27,30,36,20],[35,21,26,31],[22,38,28,25],[29,24,23,37]],
      water: [[37,23,24,29],[25,28,38,22],[31,26,21,35],[20,36,30,27]],
    },
    hierarchy_4x4: { usurper:20, guide:38, mystery:58, adjuster:904, leader:2712, regulator:3616, genGov:7232, highOverseer:274816 },
    angelArabic: { usurper:339, guide:357, mystery:17, adjuster:863, leader:2671, regulator:3575, genGov:7191, highOverseer:274775 },
    angelHebrew: { usurper:349, guide:7, mystery:27, adjuster:873, leader:2681, regulator:3585, genGov:7201, highOverseer:274785 },
    jinnArabic:  { usurper:61, guide:79, mystery:99, adjuster:585, leader:2393, regulator:3297, genGov:6913, highOverseer:274497 },
    jinnHebrew:  { usurper:51, guide:69, mystery:89, adjuster:575, leader:2383, regulator:3287, genGov:6903, highOverseer:274487 },
    page: "698-699",
  },

  // ── PHALEG Mars 5×5 variant (p.699) ──────────────────────────────────────
  phaleg_mars5x5: {
    hierarchy: { usurper:10, guide:37, mystery:47, adjuster:113, leader:339, regulator:452, genGov:904, highOverseer:33448 },
    angelArabic: { usurper:329, guide:356, mystery:6, adjuster:72, leader:298, regulator:411, genGov:863, highOverseer:33407 },
    angelHebrew: { usurper:339, guide:6, mystery:16, adjuster:82, leader:308, regulator:421, genGov:873, highOverseer:33417 },
    jinnArabic:  { usurper:51, guide:78, mystery:88, adjuster:154, leader:20, regulator:133, genGov:585, highOverseer:33129 },
    jinnHebrew:  { usurper:41, guide:68, mystery:78, adjuster:144, leader:10, regulator:123, genGov:575, highOverseer:33119 },
    page: "699",
  },

  // ── PHALEG Sun 6×6 variant (pp.699–700) ──────────────────────────────────
  phaleg_sun6x6: {
    squares: {
      fire:  [[1,12,34,18,22,26],[7,17,28,33,5,23],[13,37,21,11,27,4],[24,3,14,29,8,35],[30,19,10,2,36,16],[38,25,6,20,15,9]],
      air:   [[9,15,20,6,25,38],[16,36,2,10,19,30],[35,8,29,14,3,24],[4,27,11,21,37,13],[23,5,33,28,17,7],[26,22,18,34,12,1]],
      earth: [[38,30,24,13,7,1],[25,19,3,37,17,12],[6,10,14,21,28,34],[20,2,29,11,33,18],[15,36,8,27,5,22],[9,16,35,4,23,26]],
      water: [[26,23,4,35,16,9],[22,5,27,8,36,15],[18,33,11,29,2,20],[34,28,21,14,10,6],[12,17,37,3,19,25],[1,7,13,24,30,38]],
    },
    hierarchy: { usurper:1, guide:38, mystery:39, adjuster:113, leader:339, regulator:452, genGov:904, highOverseer:34352 },
    angelArabic: { usurper:320, guide:357, mystery:358, adjuster:72, leader:298, regulator:411, genGov:863, highOverseer:34311 },
    angelHebrew: { usurper:330, guide:7, mystery:8, adjuster:82, leader:308, regulator:421, genGov:873, highOverseer:34321 },
    jinnArabic:  { usurper:42, guide:79, mystery:80, adjuster:154, leader:20, regulator:133, genGov:585, highOverseer:34033 },
    jinnHebrew:  { usurper:32, guide:69, mystery:70, adjuster:144, leader:10, regulator:123, genGov:575, highOverseer:34023 },
    page: "700",
  },
};

// ─────────────────────────────────────────────────────────────────────────────
//  SECTION D — SUN CHAPTER (pp.701–709)
