// ═══════════════════════════════════════════════════════════════════════════
//  PERMANENT BOOK KNOWLEDGE DATABASE — GEMINI FULL CHAPTER
//  Source: "The Occult Encyclopedia of Magick Squares" — Nineveh Shadrach
//  PDF File: 91becb8b2_Occult_Encyclopedia_...-121-192.pdf
//  Book Pages: 81–192 (72 pages)
//  Processed: 2026-06-08
//  Covers:
//    Taurus pp.81–82: Raydel(246) Taurus Sun/Venus continuation (ALREADY STORED — RE-CONFIRMED)
//    Taurus pp.83–89: Totath(424) all planets (ALREADY STORED — RE-CONFIRMED)
//    Taurus pp.90–120: All 15 Taurus entities (ALREADY STORED — RE-CONFIRMED)
//    Gemini p.120: Sign Teomim(497) (ALREADY STORED — RE-CONFIRMED)
//    GEMINI pp.121–152: Sign Mars/Sun + Archangel Ambriel(284) + Angel Sarayel(302)
//    GEMINI pp.138–152: Lord of Triplicity by Day: Sarash(630) — complete Saturn+Jupiter+Mars+Sun+Venus+Mercury+Moon+Saturn10x10
//    GEMINI pp.148–152: Lord of Triplicity by Night: Ogarman(439) — Jupiter+Mars+Sun+Venus+Mercury
// ═══════════════════════════════════════════════════════════════════════════

// ─────────────────────────────────────────────────────────────────────────────
//  SECTION A — GEMINI: SIGN TEOMIM (497) — CONTINUATION SQUARES (pp.121–126)
//  Sign Jupiter square already stored. New: Mars, Sun, Venus, Moon squares.
// ─────────────────────────────────────────────────────────────────────────────
export const GEMINI_TEOMIM_CONTINUATION = {
  name: "Sign Gemini: Teomim — Continuation Squares", hebrewValue: 497,
  page: "121",
  note: "Jupiter 4×4 already stored in prior batch. Mars/Sun/Venus/Moon newly extracted here.",

  marsSquare: {
    fire:  [[87,113,105,99,93],[100,94,88,109,106],[110,102,101,95,89],[96,90,111,103,97],[104,98,92,91,112]],
    air:   [[104,96,110,100,87],[98,90,102,94,113],[92,111,101,88,105],[91,103,95,109,99],[112,97,89,106,93]],
    earth: [[112,91,92,98,104],[97,103,111,90,96],[89,95,101,102,110],[106,109,88,94,100],[93,99,105,113,87]],
    water: [[93,106,89,97,112],[99,109,95,103,91],[105,88,101,111,92],[113,94,102,90,98],[87,100,110,96,104]],
    hierarchy: { usurper:87, guide:113, mystery:200, adjuster:497, leader:1491, regulator:1988, genGov:3976, highOverseer:449288 },
    angelArabic: { usurper:46, guide:72, mystery:159, adjuster:456, leader:1450, regulator:1947, genGov:3935, highOverseer:449247 },
    angelHebrew: { usurper:56, guide:82, mystery:169, adjuster:466, leader:1460, regulator:1957, genGov:3945, highOverseer:449257 },
    jinnArabic:  { usurper:128, guide:154, mystery:241, adjuster:178, leader:1172, regulator:1669, genGov:3657, highOverseer:448969 },
    jinnHebrew:  { usurper:118, guide:144, mystery:231, adjuster:168, leader:1162, regulator:1659, genGov:3647, highOverseer:448959 },
  },

  sunSquare: {
    fire:  [[65,76,98,82,86,90],[71,81,92,97,69,87],[77,101,85,75,91,68],[88,67,78,93,72,99],[94,83,74,66,100,80],[102,89,70,84,79,73]],
    earth: [[102,94,88,77,71,65],[89,83,67,101,81,76],[70,74,78,85,92,98],[84,66,93,75,97,82],[79,100,72,91,69,86],[73,80,99,68,87,90]],
    air:   [[73,79,84,70,89,102],[80,100,66,74,83,94],[99,72,93,78,67,88],[68,91,75,85,101,77],[87,69,97,92,81,71],[90,86,82,98,76,65]],
    water: [[90,87,68,99,80,73],[86,69,91,72,100,79],[82,97,75,93,66,84],[98,92,85,78,74,70],[76,81,101,67,83,89],[65,71,77,88,94,102]],
    hierarchy: { usurper:65, guide:102, mystery:167, adjuster:497, leader:1491, regulator:1988, genGov:3976, highOverseer:405552 },
    angelArabic: { usurper:24, guide:61, mystery:126, adjuster:456, leader:1450, regulator:1947, genGov:3935, highOverseer:405511 },
    angelHebrew: { usurper:34, guide:71, mystery:136, adjuster:466, leader:1460, regulator:1957, genGov:3945, highOverseer:405521 },
    jinnArabic:  { usurper:106, guide:143, mystery:208, adjuster:178, leader:1172, regulator:1669, genGov:3657, highOverseer:405233 },
    jinnHebrew:  { usurper:96, guide:133, mystery:198, adjuster:168, leader:1162, regulator:1659, genGov:3647, highOverseer:405223 },
  },

  venusSquare: {
    fire:  [[47,88,73,58,78,91,62],[92,63,48,82,74,59,79],[60,80,93,64,49,83,68],[84,69,54,81,94,65,50],[66,51,85,70,55,75,95],[76,89,67,52,86,71,56],[72,57,77,90,61,53,87]],
    earth: [[72,76,66,84,60,92,47],[57,89,51,69,80,63,88],[77,67,85,54,93,48,73],[90,52,70,81,64,82,58],[61,86,55,94,49,74,78],[53,71,75,65,83,59,91],[87,56,95,50,68,79,62]],
    air:   [[87,53,61,90,77,57,72],[56,71,86,52,67,89,76],[95,75,55,70,85,51,66],[50,65,94,81,54,69,84],[68,83,49,64,93,80,60],[79,59,74,82,48,63,92],[62,91,78,58,73,88,47]],
    water: [[62,79,68,50,95,56,87],[91,59,83,65,75,71,53],[78,74,49,94,55,86,61],[58,82,64,81,70,52,90],[73,48,93,54,85,67,77],[88,63,80,69,51,89,57],[47,92,60,84,66,76,72]],
    hierarchy: { usurper:47, guide:95, mystery:142, adjuster:497, leader:1491, regulator:1988, genGov:3976, highOverseer:377720 },
    angelArabic: { usurper:6, guide:54, mystery:101, adjuster:456, leader:1450, regulator:1947, genGov:3935, highOverseer:377679 },
    angelHebrew: { usurper:16, guide:64, mystery:111, adjuster:466, leader:1460, regulator:1957, genGov:3945, highOverseer:377689 },
    jinnArabic:  { usurper:88, guide:136, mystery:183, adjuster:178, leader:1172, regulator:1669, genGov:3657, highOverseer:377401 },
    jinnHebrew:  { usurper:78, guide:126, mystery:173, adjuster:168, leader:1162, regulator:1659, genGov:3647, highOverseer:377391 },
  },

  // Mercury 8×8 (pp.123–124)
  mercurySquare: {
    fire:  [[30,46,96,75,64,80,61,45],[38,54,83,67,72,93,53,37],[81,65,44,60,47,31,74,95],[94,73,36,52,55,39,66,82],[59,43,62,78,98,77,32,48],[51,35,70,91,85,69,40,56],[76,97,49,33,42,58,79,63],[68,84,57,41,34,50,92,71]],
    earth: [[68,76,51,59,94,81,38,30],[84,97,35,43,73,65,54,46],[57,49,70,62,36,44,83,96],[41,33,91,78,52,60,67,75],[34,42,85,98,55,47,72,64],[50,58,69,77,39,31,93,80],[92,79,40,32,66,74,53,61],[71,63,56,48,82,95,37,45]],
    air:   [[71,92,50,34,41,57,84,68],[63,79,58,42,33,49,97,76],[56,40,69,85,91,70,35,51],[48,32,77,98,78,62,43,59],[82,66,39,55,52,36,73,94],[95,74,31,47,60,44,65,81],[37,53,93,72,67,83,54,38],[45,61,80,64,75,96,46,30]],
    water: [[45,37,95,82,48,56,63,71],[61,53,74,66,32,40,79,92],[80,93,31,39,77,69,58,50],[64,72,47,55,98,85,42,34],[75,67,60,52,78,91,33,41],[96,83,44,36,62,70,49,57],[46,54,65,73,43,35,97,84],[30,38,81,94,59,51,76,68]],
    hierarchy: { usurper:30, guide:98, mystery:128, adjuster:497, leader:1491, regulator:1988, genGov:3976, highOverseer:389648 },
    angelArabic: { usurper:349, guide:57, mystery:87, adjuster:456, leader:1450, regulator:1947, genGov:3935, highOverseer:389607 },
    angelHebrew: { usurper:359, guide:67, mystery:97, adjuster:466, leader:1460, regulator:1957, genGov:3945, highOverseer:389617 },
    jinnArabic:  { usurper:71, guide:139, mystery:169, adjuster:178, leader:1172, regulator:1669, genGov:3657, highOverseer:389329 },
    jinnHebrew:  { usurper:61, guide:129, mystery:159, adjuster:168, leader:1162, regulator:1659, genGov:3647, highOverseer:389319 },
  },

  // Moon 9×9 (pp.125–126) — two variants
  moonSquare: {
    fire:  [[59,72,34,43,97,27,63,79,23],[19,62,84,39,55,71,26,48,93],[89,31,47,83,15,67,76,38,51],[86,18,61,70,41,54,92,25,50],[46,91,30,66,82,17,53,75,37],[33,58,74,29,42,96,22,65,78],[32,45,90,16,68,81,36,52,77],[73,35,57,95,28,44,80,21,64],[60,85,20,56,69,40,49,94,24]],
    earth: [[23,93,51,50,37,78,77,64,24],[79,48,38,25,75,65,52,21,94],[63,26,76,92,53,22,36,80,49],[27,71,67,54,17,96,81,44,40],[97,55,15,41,82,42,68,28,69],[43,39,83,70,66,29,16,95,56],[34,84,47,61,30,74,90,57,20],[72,62,31,18,91,58,45,35,85],[59,19,89,86,46,33,32,73,60]],
    air:   [[24,94,49,40,69,56,20,85,60],[64,21,80,44,28,95,57,35,73],[77,52,36,81,68,16,90,45,32],[78,65,22,96,42,29,74,58,33],[37,75,53,17,82,66,30,91,46],[50,25,92,54,41,70,61,18,86],[51,38,76,67,15,83,47,31,89],[93,48,26,71,55,39,84,62,19],[23,79,63,27,97,43,34,72,59]],
    water: [[60,73,32,33,46,86,89,19,59],[85,35,45,58,91,18,31,62,72],[20,57,90,74,30,61,47,84,34],[56,95,16,29,66,70,83,39,43],[69,28,68,42,82,41,15,55,97],[40,44,81,96,17,54,67,71,27],[49,80,36,22,53,92,76,26,63],[94,21,52,65,75,25,38,48,79],[24,64,77,78,37,50,51,93,23]],
    hierarchy: { usurper:15, guide:97, mystery:112, adjuster:497, leader:1491, regulator:1988, genGov:3976, highOverseer:385672 },
    angelArabic: { usurper:334, guide:56, mystery:71, adjuster:456, leader:1450, regulator:1947, genGov:3935, highOverseer:385631 },
    angelHebrew: { usurper:344, guide:66, mystery:81, adjuster:466, leader:1460, regulator:1957, genGov:3945, highOverseer:385641 },
    jinnArabic:  { usurper:56, guide:138, mystery:153, adjuster:178, leader:1172, regulator:1669, genGov:3657, highOverseer:385353 },
    jinnHebrew:  { usurper:46, guide:128, mystery:143, adjuster:168, leader:1162, regulator:1659, genGov:3647, highOverseer:385343 },
  },
};

// ─────────────────────────────────────────────────────────────────────────────
//  SECTION B — GEMINI: ARCHANGEL AMBRIEL (284) (pp.127–131)
// ─────────────────────────────────────────────────────────────────────────────
export const GEMINI_AMBRIEL = {
  name: "Archangel of Gemini: Ambriel", hebrewValue: 284,
  gridSize: 4, planet: "Jupiter",
  page: "127",
  hebrewSquare4x4: { numerical: [[40,203,13,28],[12,29,39,204],[201,42,30,11]] },
  hebrewSquare6x6: "6×6 Hebrew letter square shown on p.127",

  jupiterSquare: {
    fire:  [[63,74,68,79],[78,69,71,66],[73,64,80,67],[70,77,65,72]],
    earth: [[70,73,78,63],[77,64,69,74],[65,80,71,68],[72,67,66,79]],
    air:   [[72,65,77,70],[67,80,64,73],[66,71,69,78],[79,68,74,63]],
    water: [[79,66,67,72],[68,71,80,65],[74,69,64,77],[63,78,73,70]],
    hierarchy: { usurper:63, guide:80, mystery:143, adjuster:2272, leader:6816, regulator:9088, genGov:18176, highOverseer:1454080 },
    angelArabic: { usurper:22, guide:39, mystery:102, adjuster:2231, leader:6775, regulator:9047, genGov:18135, highOverseer:1454039 },
    angelHebrew: { usurper:32, guide:49, mystery:112, adjuster:2241, leader:6785, regulator:9057, genGov:18145, highOverseer:1454049 },
    jinnArabic:  { usurper:104, guide:121, mystery:184, adjuster:1953, leader:6497, regulator:8769, genGov:17857, highOverseer:1453761 },
    jinnHebrew:  { usurper:94, guide:111, mystery:174, adjuster:1943, leader:6487, regulator:8759, genGov:17847, highOverseer:1453751 },
  },

  marsSquare: {
    fire:  [[44,72,62,56,50],[57,51,45,68,63],[69,59,58,52,46],[53,47,70,60,54],[61,55,49,48,71]],
    air:   [[61,53,69,57,44],[55,47,59,51,72],[49,70,58,45,62],[48,60,52,68,56],[71,54,46,63,50]],
    earth: [[71,48,49,55,61],[54,60,70,47,53],[46,52,58,59,69],[63,68,45,51,57],[50,56,62,72,44]],
    water: [[50,63,46,54,71],[56,68,52,60,48],[62,45,58,70,49],[72,51,59,47,55],[44,57,69,53,61]],
    hierarchy: { usurper:44, guide:72, mystery:116, adjuster:284, leader:852, regulator:1136, genGov:2272, highOverseer:163584 },
    angelArabic: { usurper:3, guide:31, mystery:75, adjuster:243, leader:811, regulator:1095, genGov:2231, highOverseer:163543 },
    angelHebrew: { usurper:13, guide:41, mystery:85, adjuster:253, leader:821, regulator:1105, genGov:2241, highOverseer:163553 },
    jinnArabic:  { usurper:85, guide:113, mystery:157, adjuster:325, leader:533, regulator:817, genGov:1953, highOverseer:163265 },
    jinnHebrew:  { usurper:75, guide:103, mystery:147, adjuster:315, leader:523, regulator:807, genGov:1943, highOverseer:163255 },
  },

  sunSquare: {
    fire:  [[29,40,65,46,50,54],[35,45,56,64,33,51],[41,68,49,39,55,32],[52,31,42,57,36,66],[58,47,38,30,67,44],[69,53,34,48,43,37]],
    earth: [[69,58,52,41,35,29],[53,47,31,68,45,40],[34,38,42,49,56,65],[48,30,57,39,64,46],[43,67,36,55,33,50],[37,44,66,32,51,54]],
    air:   [[37,43,48,34,53,69],[44,67,30,38,47,58],[66,36,57,42,31,52],[32,55,39,49,68,41],[51,33,64,56,45,35],[54,50,46,65,40,29]],
    water: [[54,51,32,66,44,37],[50,33,55,36,67,43],[46,64,39,57,30,48],[65,56,49,42,38,34],[40,45,68,31,47,53],[29,35,41,52,58,69]],
    hierarchy: { usurper:29, guide:69, mystery:98, adjuster:284, leader:852, regulator:1136, genGov:2272, highOverseer:156768 },
    angelArabic: { usurper:348, guide:28, mystery:57, adjuster:243, leader:811, regulator:1095, genGov:2231, highOverseer:156727 },
    angelHebrew: { usurper:358, guide:38, mystery:67, adjuster:253, leader:821, regulator:1105, genGov:2241, highOverseer:156737 },
    jinnArabic:  { usurper:70, guide:110, mystery:139, adjuster:325, leader:533, regulator:817, genGov:1953, highOverseer:156449 },
    jinnHebrew:  { usurper:60, guide:100, mystery:129, adjuster:315, leader:523, regulator:807, genGov:1943, highOverseer:156439 },
  },

  venusSquare: {
    fire:  [[16,57,42,27,47,64,31],[65,32,17,51,43,28,48],[29,49,66,33,18,52,37],[53,38,23,50,67,34,19],[35,20,54,39,24,44,68],[45,62,36,21,55,40,25],[41,26,46,63,30,22,56]],
    earth: [[41,45,35,53,29,65,16],[26,62,20,38,49,32,57],[46,36,54,23,66,17,42],[63,21,39,50,33,51,27],[30,55,24,67,18,43,47],[22,40,44,34,52,28,64],[56,25,68,19,37,48,31]],
    air:   [[56,22,30,63,46,26,41],[25,40,55,21,36,62,45],[68,44,24,39,54,20,35],[19,34,67,50,23,38,53],[37,52,18,33,66,49,29],[48,28,43,51,17,32,65],[31,64,47,27,42,57,16]],
    water: [[31,48,37,19,68,25,56],[64,28,52,34,44,40,22],[47,43,18,67,24,55,30],[27,51,33,50,39,21,63],[42,17,66,23,54,36,46],[57,32,49,38,20,62,26],[16,65,29,53,35,45,41]],
    hierarchy: { usurper:16, guide:68, mystery:84, adjuster:284, leader:852, regulator:1136, genGov:2272, highOverseer:154496 },
    angelArabic: { usurper:335, guide:27, mystery:43, adjuster:243, leader:811, regulator:1095, genGov:2231, highOverseer:154455 },
    angelHebrew: { usurper:345, guide:37, mystery:53, adjuster:253, leader:821, regulator:1105, genGov:2241, highOverseer:154465 },
    jinnArabic:  { usurper:57, guide:109, mystery:125, adjuster:325, leader:533, regulator:817, genGov:1953, highOverseer:154177 },
    jinnHebrew:  { usurper:47, guide:99, mystery:115, adjuster:315, leader:523, regulator:807, genGov:1943, highOverseer:154167 },
  },

  // Mercury 8×8 (pp.131)
  mercurySquare: {
    fire:  [[4,20,65,49,38,54,35,19],[12,28,57,41,46,62,27,11],[55,39,18,34,21,5,48,64],[63,47,10,26,29,13,40,56],[33,17,36,52,67,51,6,22],[25,9,44,60,59,43,14,30],[50,66,23,7,16,32,53,37],[42,58,31,15,8,24,61,45]],
    earth: [[42,50,25,33,63,55,12,4],[58,66,9,17,47,39,28,20],[31,23,44,36,10,18,57,65],[15,7,60,52,26,34,41,49],[8,16,59,67,29,21,46,38],[24,32,43,51,13,5,62,54],[61,53,14,6,40,48,27,35],[45,37,30,22,56,64,11,19]],
    air:   [[45,61,24,8,15,31,58,42],[37,53,32,16,7,23,66,50],[30,14,43,59,60,44,9,25],[22,6,51,67,52,36,17,33],[56,40,13,29,26,10,47,63],[64,48,5,21,34,18,39,55],[11,27,62,46,41,57,28,12],[19,35,54,38,49,65,20,4]],
    water: [[19,11,64,56,22,30,37,45],[35,27,48,40,6,14,53,61],[54,62,5,13,51,43,32,24],[38,46,21,29,67,59,16,8],[49,41,34,26,52,60,7,15],[65,57,18,10,36,44,23,31],[20,28,39,47,17,9,66,58],[4,12,55,63,33,25,50,42]],
    hierarchy: { usurper:4, guide:67, mystery:71, adjuster:284, leader:852, regulator:1136, genGov:2272, highOverseer:152224 },
    angelArabic: { usurper:323, guide:26, mystery:30, adjuster:243, leader:811, regulator:1095, genGov:2231, highOverseer:152183 },
    angelHebrew: { usurper:333, guide:36, mystery:40, adjuster:253, leader:821, regulator:1105, genGov:2241, highOverseer:152193 },
    jinnArabic:  { usurper:45, guide:108, mystery:112, adjuster:325, leader:533, regulator:817, genGov:1953, highOverseer:151905 },
    jinnHebrew:  { usurper:35, guide:98, mystery:102, adjuster:315, leader:523, regulator:807, genGov:1943, highOverseer:151895 },
  },
};

// ─────────────────────────────────────────────────────────────────────────────
//  SECTION C — GEMINI: ANGEL SARAYEL (302) (pp.132–137)
// ─────────────────────────────────────────────────────────────────────────────
export const GEMINI_SARAYEL = {
  name: "Angel of Gemini: Sarayel", hebrewValue: 302,
  gridSize: 4, planet: "Jupiter",
  page: "132",
  hebrewSquare4x4: { numerical: [[59,201,14,28],[13,29,58,202],[199,61,30,12]] },
  hebrewSquare6x6: "6×6 Hebrew letter square shown on p.132",

  jupiterSquare: {
    fire:  [[68,79,73,82],[81,74,76,71],[78,69,83,72],[75,80,70,77]],
    earth: [[75,78,81,68],[80,69,74,79],[70,83,76,73],[77,72,71,82]],
    air:   [[77,70,80,75],[72,83,69,78],[71,76,74,81],[82,73,79,68]],
    water: [[82,71,72,77],[73,76,83,70],[79,74,69,80],[68,81,78,75]],
    hierarchy: { usurper:68, guide:83, mystery:151, adjuster:2416, leader:7248, regulator:9664, genGov:19328, highOverseer:1604224 },
    angelArabic: { usurper:27, guide:42, mystery:110, adjuster:2375, leader:7207, regulator:9623, genGov:19287, highOverseer:1604183 },
    angelHebrew: { usurper:37, guide:52, mystery:120, adjuster:2385, leader:7217, regulator:9633, genGov:19297, highOverseer:1604193 },
    jinnArabic:  { usurper:109, guide:124, mystery:192, adjuster:2097, leader:6929, regulator:9345, genGov:19009, highOverseer:1603905 },
    jinnHebrew:  { usurper:99, guide:114, mystery:182, adjuster:2087, leader:6919, regulator:9335, genGov:18999, highOverseer:1603895 },
  },

  marsSquare: {
    fire:  [[48,74,66,60,54],[61,55,49,70,67],[71,63,62,56,50],[57,51,72,64,58],[65,59,53,52,73]],
    air:   [[65,57,71,61,48],[59,51,63,55,74],[53,72,62,49,66],[52,64,56,70,60],[73,58,50,67,54]],
    earth: [[73,52,53,59,65],[58,64,72,51,57],[50,56,62,63,71],[67,70,49,55,61],[54,60,66,74,48]],
    water: [[54,67,50,58,73],[60,70,56,64,52],[66,49,62,72,53],[74,55,63,51,59],[48,61,71,57,65]],
    hierarchy: { usurper:48, guide:74, mystery:122, adjuster:302, leader:906, regulator:1208, genGov:2416, highOverseer:178784 },
    angelArabic: { usurper:7, guide:33, mystery:81, adjuster:261, leader:865, regulator:1167, genGov:2375, highOverseer:178743 },
    angelHebrew: { usurper:17, guide:43, mystery:91, adjuster:271, leader:875, regulator:1177, genGov:2385, highOverseer:178753 },
    jinnArabic:  { usurper:89, guide:115, mystery:163, adjuster:343, leader:587, regulator:889, genGov:2097, highOverseer:178465 },
    jinnHebrew:  { usurper:79, guide:105, mystery:153, adjuster:333, leader:577, regulator:879, genGov:2087, highOverseer:178455 },
  },

  sunSquare: {
    fire:  [[32,43,68,49,53,57],[38,48,59,67,36,54],[44,71,52,42,58,35],[55,34,45,60,39,69],[61,50,41,33,70,47],[72,56,37,51,46,40]],
    earth: [[72,61,55,44,38,32],[56,50,34,71,48,43],[37,41,45,52,59,68],[51,33,60,42,67,49],[46,70,39,58,36,53],[40,47,69,35,54,57]],
    air:   [[40,46,51,37,56,72],[47,70,33,41,50,61],[69,39,60,45,34,55],[35,58,42,52,71,44],[54,36,67,59,48,38],[57,53,49,68,43,32]],
    water: [[57,54,35,69,47,40],[53,36,58,39,70,46],[49,67,42,60,33,51],[68,59,52,45,41,37],[43,48,71,34,50,56],[32,38,44,55,61,72]],
    hierarchy: { usurper:32, guide:72, mystery:104, adjuster:302, leader:906, regulator:1208, genGov:2416, highOverseer:173952 },
    angelArabic: { usurper:351, guide:31, mystery:63, adjuster:261, leader:865, regulator:1167, genGov:2375, highOverseer:173911 },
    angelHebrew: { usurper:1, guide:41, mystery:73, adjuster:271, leader:875, regulator:1177, genGov:2385, highOverseer:173921 },
    jinnArabic:  { usurper:73, guide:113, mystery:145, adjuster:343, leader:587, regulator:889, genGov:2097, highOverseer:173633 },
    jinnHebrew:  { usurper:63, guide:103, mystery:135, adjuster:333, leader:577, regulator:879, genGov:2087, highOverseer:173623 },
  },

  venusSquare: {
    fire:  [[19,60,45,30,50,64,34],[65,35,20,54,46,31,51],[32,52,66,36,21,55,40],[56,41,26,53,67,37,22],[38,23,57,42,27,47,68],[48,62,39,24,58,43,28],[44,29,49,63,33,25,59]],
    earth: [[44,48,38,56,32,65,19],[29,62,23,41,52,35,60],[49,39,57,26,66,20,45],[63,24,42,53,36,54,30],[33,58,27,67,21,46,50],[25,43,47,37,55,31,64],[59,28,68,22,40,51,34]],
    air:   [[59,25,33,63,49,29,44],[28,43,58,24,39,62,48],[68,47,27,42,57,23,38],[22,37,67,53,26,41,56],[40,55,21,36,66,52,32],[51,31,46,54,20,35,65],[34,64,50,30,45,60,19]],
    water: [[34,51,40,22,68,28,59],[64,31,55,37,47,43,25],[50,46,21,67,27,58,33],[30,54,36,53,42,24,63],[45,20,66,26,57,39,49],[60,35,52,41,23,62,29],[19,65,32,56,38,48,44]],
    hierarchy: { usurper:19, guide:68, mystery:87, adjuster:302, leader:906, regulator:1208, genGov:2416, highOverseer:164288 },
    angelArabic: { usurper:338, guide:27, mystery:46, adjuster:261, leader:865, regulator:1167, genGov:2375, highOverseer:164247 },
    angelHebrew: { usurper:348, guide:37, mystery:56, adjuster:271, leader:875, regulator:1177, genGov:2385, highOverseer:164257 },
    jinnArabic:  { usurper:60, guide:109, mystery:128, adjuster:343, leader:587, regulator:889, genGov:2097, highOverseer:163969 },
    jinnHebrew:  { usurper:50, guide:99, mystery:118, adjuster:333, leader:577, regulator:879, genGov:2087, highOverseer:163959 },
  },

  mercurySquare: {
    fire:  [[6,22,69,51,40,56,37,21],[14,30,59,43,48,66,29,13],[57,41,20,36,23,7,50,68],[67,49,12,28,31,15,42,58],[35,19,38,54,71,53,8,24],[27,11,46,64,61,45,16,32],[52,70,25,9,18,34,55,39],[44,60,33,17,10,26,65,47]],
    earth: [[44,52,27,35,67,57,14,6],[60,70,11,19,49,41,30,22],[33,25,46,38,12,20,59,69],[17,9,64,54,28,36,43,51],[10,18,61,71,31,23,48,40],[26,34,45,53,15,7,66,56],[65,55,16,8,42,50,29,37],[47,39,32,24,58,68,13,21]],
    air:   [[47,65,26,10,17,33,60,44],[39,55,34,18,9,25,70,52],[32,16,45,61,64,46,11,27],[24,8,53,71,54,38,19,35],[58,42,15,31,28,12,49,67],[68,50,7,23,36,20,41,57],[13,29,66,48,43,59,30,14],[21,37,56,40,51,69,22,6]],
    water: [[21,13,68,58,24,32,39,47],[37,29,50,42,8,16,55,65],[56,66,7,15,53,45,34,26],[40,48,23,31,71,61,18,10],[51,43,36,28,54,64,9,17],[69,59,20,12,38,46,25,33],[22,30,41,49,19,11,70,60],[6,14,57,67,35,27,52,44]],
    hierarchy: { usurper:6, guide:71, mystery:77, adjuster:302, leader:906, regulator:1208, genGov:2416, highOverseer:171536 },
    angelArabic: { usurper:325, guide:30, mystery:36, adjuster:261, leader:865, regulator:1167, genGov:2375, highOverseer:171495 },
    angelHebrew: { usurper:335, guide:40, mystery:46, adjuster:271, leader:875, regulator:1177, genGov:2385, highOverseer:171505 },
    jinnArabic:  { usurper:47, guide:112, mystery:118, adjuster:343, leader:587, regulator:889, genGov:2097, highOverseer:171217 },
    jinnHebrew:  { usurper:37, guide:102, mystery:108, adjuster:333, leader:577, regulator:879, genGov:2087, highOverseer:171207 },
  },
};

// ─────────────────────────────────────────────────────────────────────────────
//  SECTION D — GEMINI: LORD OF TRIPLICITY BY DAY: SARASH (630) (pp.138–147)
// ─────────────────────────────────────────────────────────────────────────────
export const GEMINI_SARASH = {
  name: "Lord of Triplicity by Day: Sarash", hebrewValue: 630,
  gridSize: 3, planet: "Saturn",
  page: "138",
  hebrewSquare4x4: { numerical: [[59,71,203,297],[202,298,58,72],[69,61,299,201]] },
  hebrewSquare4x4_letter: "Hebrew letter square shown on p.138",

  saturnSquare: {
    fire:  [[211,206,213],[212,210,208],[207,214,209]],
    earth: [[207,212,211],[214,210,206],[209,208,213]],
    air:   [[209,214,207],[208,210,212],[213,206,211]],
    water: [[213,208,209],[206,210,214],[211,212,207]],
    hierarchy: { usurper:206, guide:214, mystery:420, adjuster:630, leader:1890, regulator:2520, genGov:5040, highOverseer:1078560 },
    angelArabic: { usurper:165, guide:173, mystery:379, adjuster:589, leader:1849, regulator:2479, genGov:4999, highOverseer:1078519 },
    angelHebrew: { usurper:175, guide:183, mystery:389, adjuster:599, leader:1859, regulator:2489, genGov:5009, highOverseer:1078529 },
    jinnArabic:  { usurper:247, guide:255, mystery:101, adjuster:311, leader:1571, regulator:2201, genGov:4721, highOverseer:1078241 },
    jinnHebrew:  { usurper:237, guide:245, mystery:91, adjuster:301, leader:1561, regulator:2191, genGov:4711, highOverseer:1078231 },
  },

  jupiterSquare: {
    fire:  [[150,161,155,164],[163,156,158,153],[160,151,165,154],[157,162,152,159]],
    earth: [[157,160,163,150],[162,151,156,161],[152,165,158,155],[159,154,153,164]],
    air:   [[159,152,162,157],[154,165,151,160],[153,158,156,163],[164,155,161,150]],
    water: [[164,153,154,159],[155,158,165,152],[161,156,151,162],[150,163,160,157]],
    hierarchy: { usurper:150, guide:165, mystery:315, adjuster:5040, leader:15120, regulator:20160, genGov:40320, highOverseer:6652800 },
    angelArabic: { usurper:109, guide:124, mystery:274, adjuster:4999, leader:15079, regulator:20119, genGov:40279, highOverseer:6652759 },
    angelHebrew: { usurper:119, guide:134, mystery:284, adjuster:5009, leader:15089, regulator:20129, genGov:40289, highOverseer:6652769 },
    jinnArabic:  { usurper:191, guide:206, mystery:356, adjuster:4721, leader:14801, regulator:19841, genGov:40001, highOverseer:6652481 },
    jinnHebrew:  { usurper:181, guide:196, mystery:346, adjuster:4711, leader:14791, regulator:19831, genGov:39991, highOverseer:6652471 },
  },

  marsSquare: {
    fire:  [[114,138,132,126,120],[127,121,115,134,133],[135,129,128,122,116],[123,117,136,130,124],[131,125,119,118,137]],
    earth: [[137,118,119,125,131],[124,130,136,117,123],[116,122,128,129,135],[133,134,115,121,127],[120,126,132,138,114]],
    air:   [[131,123,135,127,114],[125,117,129,121,138],[119,136,128,115,132],[118,130,122,134,126],[137,124,116,133,120]],
    water: [[120,133,116,124,137],[126,134,122,130,118],[132,115,128,136,119],[138,121,129,117,125],[114,127,135,123,131]],
    hierarchy: { usurper:114, guide:138, mystery:252, adjuster:630, leader:1890, regulator:2520, genGov:5040, highOverseer:695520 },
    angelArabic: { usurper:73, guide:97, mystery:211, adjuster:589, leader:1849, regulator:2479, genGov:4999, highOverseer:695479 },
    angelHebrew: { usurper:83, guide:107, mystery:221, adjuster:599, leader:1859, regulator:2489, genGov:5009, highOverseer:695489 },
    jinnArabic:  { usurper:155, guide:179, mystery:293, adjuster:311, leader:1571, regulator:2201, genGov:4721, highOverseer:695201 },
    jinnHebrew:  { usurper:145, guide:169, mystery:283, adjuster:301, leader:1561, regulator:2191, genGov:4711, highOverseer:695191 },
  },

  sunSquare: {
    fire:  [[87,98,121,104,108,112],[93,103,114,120,91,109],[99,124,107,97,113,90],[110,89,100,115,94,122],[116,105,96,88,123,102],[125,111,92,106,101,95]],
    earth: [[125,116,110,99,93,87],[111,105,89,124,103,98],[92,96,100,107,114,121],[106,88,115,97,120,104],[101,123,94,113,91,108],[95,102,122,90,109,112]],
    air:   [[95,101,106,92,111,125],[102,123,88,96,105,116],[122,94,115,100,89,110],[90,113,97,107,124,99],[109,91,120,114,103,93],[112,108,104,121,98,87]],
    water: [[112,109,90,122,102,95],[108,91,113,94,123,101],[104,120,97,115,88,106],[121,114,107,100,96,92],[98,103,124,89,105,111],[87,93,99,110,116,125]],
    hierarchy: { usurper:87, guide:125, mystery:212, adjuster:630, leader:1890, regulator:2520, genGov:5040, highOverseer:630000 },
    angelArabic: { usurper:46, guide:84, mystery:171, adjuster:589, leader:1849, regulator:2479, genGov:4999, highOverseer:629959 },
    angelHebrew: { usurper:56, guide:94, mystery:181, adjuster:599, leader:1859, regulator:2489, genGov:5009, highOverseer:629969 },
    jinnArabic:  { usurper:128, guide:166, mystery:253, adjuster:311, leader:1571, regulator:2201, genGov:4721, highOverseer:629681 },
    jinnHebrew:  { usurper:118, guide:156, mystery:243, adjuster:301, leader:1561, regulator:2191, genGov:4711, highOverseer:629671 },
  },

  venusSquare: {
    fire:  [[66,107,92,77,97,110,81],[111,82,67,101,93,78,98],[79,99,112,83,68,102,87],[103,88,73,100,113,84,69],[85,70,104,89,74,94,114],[95,108,86,71,105,90,75],[91,76,96,109,80,72,106]],
    earth: [[91,95,85,103,79,111,66],[76,108,70,88,99,82,107],[96,86,104,73,112,67,92],[109,71,89,100,83,101,77],[80,105,74,113,68,93,97],[72,90,94,84,102,78,110],[106,75,114,69,87,98,81]],
    air:   [[106,72,80,109,96,76,91],[75,90,105,71,86,108,95],[114,94,74,89,104,70,85],[69,84,113,100,73,88,103],[87,102,68,83,112,99,79],[98,78,93,101,67,82,111],[81,110,97,77,92,107,66]],
    water: [[81,98,87,69,114,75,106],[110,78,102,84,94,90,72],[97,93,68,113,74,105,80],[77,101,83,100,89,71,109],[92,67,112,73,104,86,96],[107,82,99,88,70,108,76],[66,111,79,103,85,95,91]],
    hierarchy: { usurper:66, guide:114, mystery:180, adjuster:630, leader:1890, regulator:2520, genGov:5040, highOverseer:574560 },
    angelArabic: { usurper:25, guide:73, mystery:139, adjuster:589, leader:1849, regulator:2479, genGov:4999, highOverseer:574519 },
    angelHebrew: { usurper:35, guide:83, mystery:149, adjuster:599, leader:1859, regulator:2489, genGov:5009, highOverseer:574529 },
    jinnArabic:  { usurper:107, guide:155, mystery:221, adjuster:311, leader:1571, regulator:2201, genGov:4721, highOverseer:574241 },
    jinnHebrew:  { usurper:97, guide:145, mystery:211, adjuster:301, leader:1561, regulator:2191, genGov:4711, highOverseer:574231 },
  },

  mercurySquare: {
    fire:  [[47,63,110,92,81,97,78,62],[55,71,100,84,89,107,70,54],[98,82,61,77,64,48,91,109],[108,90,53,69,72,56,83,99],[76,60,79,95,112,94,49,65],[68,52,87,105,102,86,57,73],[93,111,66,50,59,75,96,80],[85,101,74,58,51,67,106,88]],
    earth: [[85,93,68,76,108,98,55,47],[101,111,52,60,90,82,71,63],[74,66,87,79,53,61,100,110],[58,50,105,95,69,77,84,92],[51,59,102,112,72,64,89,81],[67,75,86,94,56,48,107,97],[106,96,57,49,83,91,70,78],[88,80,73,65,99,109,54,62]],
    air:   [[88,106,67,51,58,74,101,85],[80,96,75,59,50,66,111,93],[73,57,86,102,105,87,52,68],[65,49,94,112,95,79,60,76],[99,83,56,72,69,53,90,108],[109,91,48,64,77,61,82,98],[54,70,107,89,84,100,71,55],[62,78,97,81,92,110,63,47]],
    water: [[62,54,109,99,65,73,80,88],[78,70,91,83,49,57,96,106],[97,107,48,56,94,86,75,67],[81,89,64,72,112,102,59,51],[92,84,77,69,95,105,50,58],[110,100,61,53,79,87,66,74],[63,71,82,90,60,52,111,101],[47,55,98,108,76,68,93,85]],
    hierarchy: { usurper:47, guide:112, mystery:159, adjuster:630, leader:1890, regulator:2520, genGov:5040, highOverseer:564480 },
    angelArabic: { usurper:6, guide:71, mystery:118, adjuster:589, leader:1849, regulator:2479, genGov:4999, highOverseer:564439 },
    angelHebrew: { usurper:16, guide:81, mystery:128, adjuster:599, leader:1859, regulator:2489, genGov:5009, highOverseer:564449 },
    jinnArabic:  { usurper:88, guide:153, mystery:200, adjuster:311, leader:1571, regulator:2201, genGov:4721, highOverseer:564161 },
    jinnHebrew:  { usurper:78, guide:143, mystery:190, adjuster:301, leader:1561, regulator:2191, genGov:4711, highOverseer:564151 },
  },

  // Moon 9×9 (pp.145–147)
  moonSquare: {
    fire:  [[74,87,49,58,110,42,78,94,38],[34,77,99,54,70,86,41,63,106],[102,46,62,98,30,82,91,53,66],[101,33,76,85,56,69,105,40,65],[61,104,45,81,97,32,68,90,52],[48,73,89,44,57,109,37,80,93],[47,60,103,31,83,96,51,67,92],[88,50,72,108,43,59,95,36,79],[75,100,35,71,84,55,64,107,39]],
    earth: [[38,106,66,65,52,93,92,79,39],[94,63,53,40,90,80,67,36,107],[78,41,91,105,68,37,51,95,64],[42,86,82,69,32,109,96,59,55],[110,70,30,56,97,57,83,43,84],[58,54,98,85,81,44,31,108,71],[49,99,62,76,45,89,103,72,35],[87,77,46,33,104,73,60,50,100],[74,34,102,101,61,48,47,88,75]],
    air:   [[39,107,64,55,84,71,35,100,75],[79,36,95,59,43,108,72,50,88],[92,67,51,96,83,31,103,60,47],[93,80,37,109,57,44,89,73,48],[52,90,68,32,97,81,45,104,61],[65,40,105,69,56,85,76,33,101],[66,53,91,82,30,98,62,46,102],[106,63,41,86,70,54,99,77,34],[38,94,78,42,110,58,49,87,74]],
    water: [[75,88,47,48,61,101,102,34,74],[100,50,60,73,104,33,46,77,87],[35,72,103,89,45,76,62,99,49],[71,108,31,44,81,85,98,54,58],[84,43,83,57,97,56,30,70,110],[55,59,96,109,32,69,82,86,42],[64,95,51,37,68,105,91,41,78],[107,36,67,80,90,40,53,63,94],[39,79,92,93,52,65,66,106,38]],
    hierarchy: { usurper:30, guide:110, mystery:140, adjuster:630, leader:1890, regulator:2520, genGov:5040, highOverseer:554400 },
    angelArabic: { usurper:349, guide:69, mystery:99, adjuster:589, leader:1849, regulator:2479, genGov:4999, highOverseer:554359 },
    angelHebrew: { usurper:359, guide:79, mystery:109, adjuster:599, leader:1859, regulator:2489, genGov:5009, highOverseer:554369 },
    jinnArabic:  { usurper:71, guide:151, mystery:181, adjuster:311, leader:1571, regulator:2201, genGov:4721, highOverseer:554081 },
    jinnHebrew:  { usurper:61, guide:141, mystery:171, adjuster:301, leader:1561, regulator:2191, genGov:4711, highOverseer:554071 },
  },

  // Saturn 10×10 (pp.146–147)
  saturnSquare10x10: {
    fire:  [[13,31,38,76,67,110,60,52,84,99],[24,88,81,72,112,97,15,57,43,41],[39,44,68,111,98,83,32,20,61,74],[45,70,109,100,33,79,87,28,17,62],[58,108,102,37,48,71,75,85,30,16],[65,22,23,90,78,54,50,40,95,113],[77,59,19,26,92,47,35,96,116,63],[91,80,55,14,25,42,93,115,66,49],[101,34,46,53,21,29,114,64,82,86],[117,94,89,51,56,18,69,73,36,27]],
    earth: [[117,101,91,77,65,58,45,39,24,13],[94,34,80,59,22,108,70,44,88,31],[89,46,55,19,23,102,109,68,81,38],[51,53,14,26,90,37,100,111,72,76],[56,21,25,92,78,48,33,98,112,67],[18,29,42,47,54,71,79,83,97,110],[69,114,93,35,50,75,87,32,15,60],[73,64,115,96,40,85,28,20,57,52],[36,82,66,116,95,30,17,61,43,84],[27,86,49,63,113,16,62,74,41,99]],
    air:   [[27,36,73,69,18,56,51,89,94,117],[86,82,64,114,29,21,53,46,34,101],[49,66,115,93,42,25,14,55,80,91],[63,116,96,35,47,92,26,19,59,77],[113,95,40,50,54,78,90,23,22,65],[16,30,85,75,71,48,37,102,108,58],[62,17,28,87,79,33,100,109,70,45],[74,61,20,32,83,98,111,68,44,39],[41,43,57,15,97,112,72,81,88,24],[99,84,52,60,110,67,76,38,31,13]],
    water: [[99,41,74,62,16,113,63,49,86,27],[84,43,61,17,30,95,116,66,82,36],[52,57,20,28,85,40,96,115,64,73],[60,15,32,87,75,50,35,93,114,69],[110,97,83,79,71,54,47,42,29,18],[67,112,98,33,48,78,92,25,21,56],[76,72,111,100,37,90,26,14,53,51],[38,81,68,109,102,23,19,55,46,89],[31,88,44,70,108,22,59,80,34,94],[13,24,39,45,58,65,77,91,101,117]],
    hierarchy: { usurper:13, guide:117, mystery:130, adjuster:630, leader:1890, regulator:2520, genGov:5040, highOverseer:589680 },
    angelArabic: { usurper:332, guide:76, mystery:89, adjuster:589, leader:1849, regulator:2479, genGov:4999, highOverseer:589639 },
    angelHebrew: { usurper:342, guide:86, mystery:99, adjuster:599, leader:1859, regulator:2489, genGov:5009, highOverseer:589649 },
    jinnArabic:  { usurper:54, guide:158, mystery:171, adjuster:311, leader:1571, regulator:2201, genGov:4721, highOverseer:589361 },
    jinnHebrew:  { usurper:44, guide:148, mystery:161, adjuster:301, leader:1561, regulator:2191, genGov:4711, highOverseer:589351 },
  },
};

// ─────────────────────────────────────────────────────────────────────────────
//  SECTION E — GEMINI: LORD OF TRIPLICITY BY NIGHT: OGARMAN (439) (pp.148–152)
// ─────────────────────────────────────────────────────────────────────────────
export const GEMINI_OGARMAN = {
  name: "Lord of Triplicity by Night: Ogarman", hebrewValue: 439,
  gridSize: 4, planet: "Jupiter",
  page: "148",
  hebrewSquare4x4: { numerical: [[78,241,73,47],[72,48,77,242],[239,80,49,71]] },
  hebrewSquare7x7: "7×7 Hebrew letter square shown on p.148",

  jupiterSquare: {
    fire:  [[102,113,107,117],[116,108,110,105],[112,103,118,106],[109,115,104,111]],
    earth: [[109,112,116,102],[115,103,108,113],[104,118,110,107],[111,106,105,117]],
    air:   [[111,104,115,109],[106,118,103,112],[105,110,108,116],[117,107,113,102]],
    water: [[117,105,106,111],[107,110,118,104],[113,108,103,115],[102,116,112,109]],
    hierarchy: { usurper:102, guide:118, mystery:220, adjuster:3512, leader:10536, regulator:14048, genGov:28096, highOverseer:3315328 },
    angelArabic: { usurper:61, guide:77, mystery:179, adjuster:3471, leader:10495, regulator:14007, genGov:28055, highOverseer:3315287 },
    angelHebrew: { usurper:71, guide:87, mystery:189, adjuster:3481, leader:10505, regulator:14017, genGov:28065, highOverseer:3315297 },
    jinnArabic:  { usurper:143, guide:159, mystery:261, adjuster:3193, leader:10217, regulator:13729, genGov:27777, highOverseer:3315009 },
    jinnHebrew:  { usurper:133, guide:149, mystery:251, adjuster:3183, leader:10207, regulator:13719, genGov:27767, highOverseer:3314999 },
  },

  marsSquare: {
    fire:  [[75,103,93,87,81],[88,82,76,99,94],[100,90,89,83,77],[84,78,101,91,85],[92,86,80,79,102]],
    air:   [[92,84,100,88,75],[86,78,90,82,103],[80,101,89,76,93],[79,91,83,99,87],[102,85,77,94,81]],
    earth: [[102,79,80,86,92],[85,91,101,78,84],[77,83,89,90,100],[94,99,76,82,88],[81,87,93,103,75]],
    water: [[81,94,77,85,102],[87,99,83,91,79],[93,76,89,101,80],[103,82,90,78,86],[75,88,100,84,92]],
    hierarchy: { usurper:75, guide:103, mystery:178, adjuster:439, leader:1317, regulator:1756, genGov:3512, highOverseer:361736 },
    angelArabic: { usurper:34, guide:62, mystery:137, adjuster:398, leader:1276, regulator:1715, genGov:3471, highOverseer:361695 },
    angelHebrew: { usurper:44, guide:72, mystery:147, adjuster:408, leader:1286, regulator:1725, genGov:3481, highOverseer:361705 },
    jinnArabic:  { usurper:116, guide:144, mystery:219, adjuster:120, leader:998, regulator:1437, genGov:3193, highOverseer:361417 },
    jinnHebrew:  { usurper:106, guide:134, mystery:209, adjuster:110, leader:988, regulator:1427, genGov:3183, highOverseer:361407 },
  },

  sunSquare: {
    fire:  [[55,66,90,72,76,80],[61,71,82,89,59,77],[67,93,75,65,81,58],[78,57,68,83,62,91],[84,73,64,56,92,70],[94,79,60,74,69,63]],
    earth: [[94,84,78,67,61,55],[79,73,57,93,71,66],[60,64,68,75,82,90],[74,56,83,65,89,72],[69,92,62,81,59,76],[63,70,91,58,77,80]],
    air:   [[63,69,74,60,79,94],[70,92,56,64,73,84],[91,62,83,68,57,78],[58,81,65,75,93,67],[77,59,89,82,71,61],[80,76,72,90,66,55]],
    water: [[80,77,58,91,70,63],[76,59,81,62,92,69],[72,89,65,83,56,74],[90,82,75,68,64,60],[66,71,93,57,73,79],[55,61,67,78,84,94]],
    hierarchy: { usurper:55, guide:94, mystery:149, adjuster:439, leader:1317, regulator:1756, genGov:3512, highOverseer:330128 },
    angelArabic: { usurper:14, guide:53, mystery:108, adjuster:398, leader:1276, regulator:1715, genGov:3471, highOverseer:330087 },
    angelHebrew: { usurper:24, guide:63, mystery:118, adjuster:408, leader:1286, regulator:1725, genGov:3481, highOverseer:330097 },
    jinnArabic:  { usurper:96, guide:135, mystery:190, adjuster:120, leader:998, regulator:1437, genGov:3193, highOverseer:329809 },
    jinnHebrew:  { usurper:86, guide:125, mystery:180, adjuster:110, leader:988, regulator:1427, genGov:3183, highOverseer:329799 },
  },

  venusSquare: {
    fire:  [[38,79,64,49,69,87,53],[88,54,39,73,65,50,70],[51,71,89,55,40,74,59],[75,60,45,72,90,56,41],[57,42,76,61,46,66,91],[67,85,58,43,77,62,47],[63,48,68,86,52,44,78]],
    earth: [[63,67,57,75,51,88,38],[48,85,42,60,71,54,79],[68,58,76,45,89,39,64],[86,43,61,72,55,73,49],[52,77,46,90,40,65,69],[44,62,66,56,74,50,87],[78,47,91,41,59,70,53]],
    air:   [[78,44,52,86,68,48,63],[47,62,77,43,58,85,67],[91,66,46,61,76,42,57],[41,56,90,72,45,60,75],[59,74,40,55,89,71,51],[70,50,65,73,39,54,88],[53,87,69,49,64,79,38]],
    water: [[53,70,59,41,91,47,78],[87,50,74,56,66,62,44],[69,65,40,90,46,77,52],[49,73,55,72,61,43,86],[64,39,89,45,76,58,68],[79,54,71,60,42,85,48],[38,88,51,75,57,67,63]],
    hierarchy: { usurper:38, guide:91, mystery:129, adjuster:439, leader:1317, regulator:1756, genGov:3512, highOverseer:319592 },
    angelArabic: { usurper:357, guide:50, mystery:88, adjuster:398, leader:1276, regulator:1715, genGov:3471, highOverseer:319551 },
    angelHebrew: { usurper:7, guide:60, mystery:98, adjuster:408, leader:1286, regulator:1725, genGov:3481, highOverseer:319561 },
    jinnArabic:  { usurper:79, guide:132, mystery:170, adjuster:120, leader:998, regulator:1437, genGov:3193, highOverseer:319273 },
    jinnHebrew:  { usurper:69, guide:122, mystery:160, adjuster:110, leader:988, regulator:1427, genGov:3183, highOverseer:319263 },
  },

  // Mercury 8×8 (p.152) — Fire and Earth shown; PDF ends here
  mercurySquare: {
    fire:  [[23,39,87,68,57,73,54,38],[31,47,76,60,65,84,46,30],[74,58,37,53,40,24,67,86],[85,66,29,45,48,32,59,75],[52,36,55,71,89,70,25,41],[44,28,63,82,78,62,33,49],[69,88,42,26,35,51,72,56],[61,77,50,34,27,43,83,64]],
