// ═══════════════════════════════════════════════════════════════════════════
//  PERMANENT BOOK KNOWLEDGE DATABASE — LEO COMPLETION + VIRGO OPENING
//  Source: "The Occult Encyclopedia of Magick Squares" — Nineveh Shadrach
//  PDF File: 56b2970b1_...-309-359.pdf
//  Book Pages: 268–318 (51 pages)
//  Processed: 2026-06-07
//  Covers:
//    - Leo chapter: Sanahem(155) continuation pp.268–269
//    - Leo chapter: Zalbarhith(654) pp.270–278 — Lord of Triplicity by Night
//    - Leo chapter: Oel(107) pp.279–280 — Angel Ruling 5th House
//    - Leo chapter: Losanahar(351) pp.280–285 — Angel of First Decanate
//    - Leo chapter: Vahaviah(32) p.286 — 1st Quinance (No Numerical Squares)
//    - Leo chapter: Yelayel(81) p.286 — 2nd Quinance (Numerals See p.104)
//    - Leo chapter: Zachi(95) p.286 — 2nd Decanate
//    - Leo chapter: Zachi continuation pp.287–289
//    - Leo chapter: Elemiah(155) p.290 — 4th Quinance
//    - Leo chapter: Sahiber(277) pp.290–295 — 3rd Decanate
//    - Leo chapter: Mahashiah(360) pp.295–302 — 5th Quinance
//    - Leo chapter: Lelahel(96) pp.300–302 — 6th Quinance
//    - Virgo chapter: Sign Betulah(443) p.303
//    - Virgo chapter: Archangel Hamaliel(116) pp.310–311
//    - Virgo chapter: Angel Shelathiel(771) pp.312–318
// ═══════════════════════════════════════════════════════════════════════════

// ─────────────────────────────────────────────────────────────────────────────
//  SECTION A — LEO: SANAHEM (155) — CONTINUATION FROM PRIOR PDF (pp.268–269)
//  Lord of Triplicity by Day
// ─────────────────────────────────────────────────────────────────────────────
export const LEO_SANAHEM_CONTINUATION = {
  name: "Lord of Triplicity by Day: Sanahem", hebrewValue: 155,
  page: "268",
  note: "Continuation from prior PDF batch — Jupiter+Mars already stored; Sun added here",

  jupiterSquare: {
    fire:  [[31,42,36,46],[45,37,39,34],[41,32,47,35],[38,44,33,40]],
    earth: [[38,41,45,31],[44,32,37,42],[33,47,39,36],[40,35,34,46]],
    air:   [[40,33,44,38],[35,47,32,41],[34,39,37,45],[46,36,42,31]],
    water: [[46,34,35,40],[36,39,47,33],[42,37,32,44],[31,45,41,38]],
    hierarchy: { usurper:31, guide:47, mystery:78, adjuster:1240, leader:3720, regulator:4960, genGov:9920, highOverseer:466240 },
    angelArabic: { usurper:350, guide:6, mystery:37, adjuster:1199, leader:3679, regulator:4919, genGov:9879, highOverseer:466199 },
    angelHebrew: { usurper:360, guide:16, mystery:47, adjuster:1209, leader:3689, regulator:4929, genGov:9889, highOverseer:466209 },
    jinnArabic:  { usurper:72, guide:88, mystery:119, adjuster:921, leader:3401, regulator:4641, genGov:9601, highOverseer:465921 },
    jinnHebrew:  { usurper:62, guide:78, mystery:109, adjuster:911, leader:3391, regulator:4631, genGov:9591, highOverseer:465911 },
  },

  marsSquare: {
    fire:  [[19,43,37,31,25],[32,26,20,39,38],[40,34,33,27,21],[28,22,41,35,29],[36,30,24,23,42]],
    air:   [[36,28,40,32,19],[30,22,34,26,43],[24,41,33,20,37],[23,35,27,39,31],[42,29,21,38,25]],
    earth: [[42,23,24,30,36],[29,35,41,22,28],[21,27,33,34,40],[38,39,20,26,32],[25,31,37,43,19]],
    water: [[25,38,21,29,42],[31,39,27,35,23],[37,20,33,41,24],[43,26,34,22,30],[19,32,40,28,36]],
    hierarchy: { usurper:19, guide:43, mystery:62, adjuster:155, leader:465, regulator:620, genGov:1240, highOverseer:53320 },
    angelArabic: { usurper:338, guide:2, mystery:21, adjuster:114, leader:424, regulator:579, genGov:1199, highOverseer:53279 },
    angelHebrew: { usurper:348, guide:12, mystery:31, adjuster:124, leader:434, regulator:589, genGov:1209, highOverseer:53289 },
    jinnArabic:  { usurper:60, guide:84, mystery:103, adjuster:196, leader:146, regulator:301, genGov:921, highOverseer:53001 },
    jinnHebrew:  { usurper:50, guide:74, mystery:93, adjuster:186, leader:136, regulator:291, genGov:911, highOverseer:52991 },
  },

  sunSquare: {
    fire:  [[8,19,41,25,29,33],[14,24,35,40,12,30],[20,44,28,18,34,11],[31,10,21,36,15,42],[37,26,17,9,43,23],[45,32,13,27,22,16]],
    earth: [[45,37,31,20,14,8],[32,26,10,44,24,19],[13,17,21,28,35,41],[27,9,36,18,40,25],[22,43,15,34,12,29],[16,23,42,11,30,33]],
    air:   [[16,22,27,13,32,45],[23,43,9,17,26,37],[42,15,36,21,10,31],[11,34,18,28,44,20],[30,12,40,35,24,14],[33,29,25,41,19,8]],
    water: [[33,30,11,42,23,16],[29,12,34,15,43,22],[25,40,18,36,9,27],[41,35,28,21,17,13],[19,24,44,10,26,32],[8,14,20,31,37,45]],
    hierarchy: { usurper:8, guide:45, mystery:53, adjuster:155, leader:465, regulator:620, genGov:1240, highOverseer:55800 },
    angelArabic: { usurper:327, guide:4, mystery:12, adjuster:114, leader:424, regulator:579, genGov:1199, highOverseer:55759 },
    angelHebrew: { usurper:337, guide:14, mystery:22, adjuster:124, leader:434, regulator:589, genGov:1209, highOverseer:55769 },
    jinnArabic:  { usurper:49, guide:86, mystery:94, adjuster:196, leader:146, regulator:301, genGov:921, highOverseer:55481 },
    jinnHebrew:  { usurper:39, guide:76, mystery:84, adjuster:186, leader:136, regulator:291, genGov:911, highOverseer:55471 },
  },
};

// ─────────────────────────────────────────────────────────────────────────────
//  SECTION B — LEO: ZALBARHITH (654) — COMPLETE
//  Lord of Triplicity by Night, page 270
// ─────────────────────────────────────────────────────────────────────────────
export const LEO_ZALBARHITH = {
  name: "Lord of Triplicity by Night: Zalbarhith", hebrewValue: 654,
  gridSize: 3, planet: "Saturn",
  page: "270",

  hebrewSquare: { numerical: [[36,203,18,397],[17,398,35,204],[201,38,399,16]] },

  saturnSquare: {
    fire:  [[219,214,221],[220,218,216],[215,222,217]],
    earth: [[215,220,219],[222,218,214],[217,216,221]],
    air:   [[217,222,215],[216,218,220],[221,214,219]],
    water: [[221,216,217],[214,218,222],[219,220,215]],
    hierarchy: { usurper:214, guide:222, mystery:436, adjuster:654, leader:1962, regulator:2616, genGov:5232, highOverseer:1161504 },
    angelArabic: { usurper:183, guide:191, mystery:395, adjuster:613, leader:1921, regulator:2575, genGov:5191, highOverseer:1161463 },
    angelHebrew: { usurper:183, guide:191, mystery:405, adjuster:623, leader:1931, regulator:2585, genGov:5201, highOverseer:1161473 },
    jinnArabic:  { usurper:255, guide:263, mystery:117, adjuster:335, leader:1643, regulator:2297, genGov:4913, highOverseer:1161185 },
    jinnHebrew:  { usurper:245, guide:253, mystery:107, adjuster:325, leader:1633, regulator:2287, genGov:4903, highOverseer:1161175 },
  },

  jupiterSquare: {
    fire:  [[156,167,161,170],[169,162,164,159],[166,157,171,160],[163,168,158,165]],
    earth: [[163,166,169,156],[168,157,162,167],[158,171,164,161],[165,160,159,170]],
    air:   [[165,158,168,163],[160,171,157,166],[159,164,162,169],[170,161,167,156]],
    water: [[170,159,160,165],[161,164,171,158],[167,162,157,168],[156,169,166,163]],
    hierarchy: { usurper:156, guide:171, mystery:327, adjuster:5232, leader:15696, regulator:20928, genGov:41856, highOverseer:7157376 },
    angelArabic: { usurper:115, guide:130, mystery:286, adjuster:5191, leader:15655, regulator:20887, genGov:41815, highOverseer:7157335 },
    angelHebrew: { usurper:125, guide:140, mystery:296, adjuster:5201, leader:15665, regulator:20897, genGov:41825, highOverseer:7157345 },
    jinnArabic:  { usurper:197, guide:212, mystery:8, adjuster:4913, leader:15377, regulator:20609, genGov:41537, highOverseer:7157057 },
    jinnHebrew:  { usurper:187, guide:202, mystery:358, adjuster:4903, leader:15367, regulator:20599, genGov:41527, highOverseer:7157047 },
  },

  marsSquare: {
    fire:  [[118,146,136,130,124],[131,125,119,142,137],[143,133,132,126,120],[127,121,144,134,128],[135,129,123,122,145]],
    air:   [[135,127,143,131,118],[129,121,133,125,146],[123,144,132,119,136],[122,134,126,142,130],[145,128,120,137,124]],
    earth: [[145,122,123,129,135],[128,134,144,121,127],[120,126,132,133,143],[137,142,119,125,131],[124,130,136,146,118]],
    water: [[124,137,120,128,145],[130,142,126,134,122],[136,119,132,144,123],[146,125,133,121,129],[118,131,143,127,135]],
    hierarchy: { usurper:118, guide:146, mystery:264, adjuster:654, leader:1962, regulator:2616, genGov:5232, highOverseer:763872 },
    angelArabic: { usurper:77, guide:105, mystery:223, adjuster:613, leader:1921, regulator:2575, genGov:5191, highOverseer:763831 },
    angelHebrew: { usurper:87, guide:115, mystery:233, adjuster:623, leader:1931, regulator:2585, genGov:5201, highOverseer:763841 },
    jinnArabic:  { usurper:159, guide:187, mystery:305, adjuster:335, leader:1643, regulator:2297, genGov:4913, highOverseer:763553 },
    jinnHebrew:  { usurper:149, guide:177, mystery:295, adjuster:325, leader:1633, regulator:2287, genGov:4903, highOverseer:763543 },
  },

  sunSquare: {
    fire:  [[91,102,125,108,112,116],[97,107,118,124,95,113],[103,128,111,101,117,94],[114,93,104,119,98,126],[120,109,100,92,127,106],[129,115,96,110,105,99]],
    earth: [[129,120,114,103,97,91],[115,109,93,128,107,102],[96,100,104,111,118,125],[110,92,119,101,124,108],[105,127,98,117,95,112],[99,106,126,94,113,116]],
    air:   [[99,105,110,96,115,129],[106,127,92,100,109,120],[126,98,119,104,93,114],[94,117,101,111,128,103],[113,95,124,118,107,97],[116,112,108,125,102,91]],
    water: [[116,113,94,126,106,99],[112,95,117,98,127,105],[108,124,101,119,92,110],[125,118,111,104,100,96],[102,107,128,93,109,115],[91,97,103,114,120,129]],
    hierarchy: { usurper:91, guide:129, mystery:220, adjuster:654, leader:1962, regulator:2616, genGov:5232, highOverseer:674928 },
    angelArabic: { usurper:50, guide:88, mystery:179, adjuster:613, leader:1921, regulator:2575, genGov:5191, highOverseer:674887 },
    angelHebrew: { usurper:60, guide:98, mystery:189, adjuster:623, leader:1931, regulator:2585, genGov:5201, highOverseer:674897 },
    jinnArabic:  { usurper:132, guide:170, mystery:261, adjuster:335, leader:1643, regulator:2297, genGov:4913, highOverseer:674609 },
    jinnHebrew:  { usurper:122, guide:160, mystery:251, adjuster:325, leader:1633, regulator:2287, genGov:4903, highOverseer:674599 },
  },

  venusSquare: {
    fire:  [[69,110,95,80,100,116,84],[117,85,70,104,96,81,101],[82,102,118,86,71,105,90],[106,91,76,103,119,87,72],[88,73,107,92,77,97,120],[98,114,89,74,108,93,78],[94,79,99,115,83,75,109]],
    earth: [[94,98,88,106,82,117,69],[79,114,73,91,102,85,110],[99,89,107,76,118,70,95],[115,74,92,103,86,104,80],[83,108,77,119,71,96,100],[75,93,97,87,105,81,116],[109,78,120,72,90,101,84]],
    air:   [[109,75,83,115,99,79,94],[78,93,108,74,89,114,98],[120,97,77,92,107,73,88],[72,87,119,103,76,91,106],[90,105,71,86,118,102,82],[101,81,96,104,70,85,117],[84,116,100,80,95,110,69]],
    water: [[84,101,90,72,120,78,109],[116,81,105,87,97,93,75],[100,96,71,119,77,108,83],[80,104,86,103,92,74,115],[95,70,118,76,107,89,99],[110,85,102,91,73,114,79],[69,117,82,106,88,98,94]],
    hierarchy: { usurper:69, guide:120, mystery:189, adjuster:654, leader:1962, regulator:2616, genGov:5232, highOverseer:627840 },
    angelArabic: { usurper:28, guide:79, mystery:148, adjuster:613, leader:1921, regulator:2575, genGov:5191, highOverseer:627799 },
    angelHebrew: { usurper:38, guide:89, mystery:158, adjuster:623, leader:1931, regulator:2585, genGov:5201, highOverseer:627809 },
    jinnArabic:  { usurper:110, guide:161, mystery:230, adjuster:335, leader:1643, regulator:2297, genGov:4913, highOverseer:627521 },
    jinnHebrew:  { usurper:100, guide:151, mystery:220, adjuster:325, leader:1633, regulator:2287, genGov:4903, highOverseer:627511 },
  },

  mercurySquare: {
    fire:  [[50,66,113,95,84,100,81,65],[58,74,103,87,92,110,73,57],[101,85,64,80,67,51,94,112],[111,93,56,72,75,59,86,102],[79,63,82,98,115,97,52,68],[71,55,90,108,105,89,60,76],[96,114,69,53,62,78,99,83],[88,104,77,61,54,70,109,91]],
    earth: [[88,96,71,79,111,101,58,50],[104,114,55,63,93,85,74,66],[77,69,90,82,56,64,103,113],[61,53,108,98,72,80,87,95],[54,62,105,115,75,67,92,84],[70,78,89,97,59,51,110,100],[109,99,60,52,86,94,73,81],[91,83,76,68,102,112,57,65]],
    air:   [[91,109,70,54,61,77,104,88],[83,99,78,62,53,69,114,96],[76,60,89,105,108,90,55,71],[68,52,97,115,98,82,63,79],[102,86,59,75,72,56,93,111],[112,94,51,67,80,64,85,101],[57,73,110,92,87,103,74,58],[65,81,100,84,95,113,66,50]],
    water: [[65,57,112,102,68,76,83,91],[81,73,94,86,52,60,99,109],[100,110,51,59,97,89,78,70],[84,92,67,75,115,105,62,54],[95,87,80,72,98,108,53,61],[113,103,64,56,82,90,69,77],[66,74,85,93,63,55,114,96],[50,58,101,111,79,71,88,96]],
    hierarchy: { usurper:50, guide:115, mystery:165, adjuster:654, leader:1962, regulator:2616, genGov:5232, highOverseer:601680 },
    angelArabic: { usurper:9, guide:74, mystery:124, adjuster:613, leader:1921, regulator:2575, genGov:5191, highOverseer:601639 },
    angelHebrew: { usurper:19, guide:84, mystery:134, adjuster:623, leader:1931, regulator:2585, genGov:5201, highOverseer:601649 },
    jinnArabic:  { usurper:91, guide:156, mystery:206, adjuster:335, leader:1643, regulator:2297, genGov:4913, highOverseer:601361 },
    jinnHebrew:  { usurper:81, guide:146, mystery:196, adjuster:325, leader:1633, regulator:2287, genGov:4903, highOverseer:601351 },
  },

  moonSquare: {
    fire:  [[76,89,51,60,118,44,80,96,40],[36,79,101,56,72,88,43,65,114],[110,48,64,100,32,84,93,55,68],[103,35,78,87,58,71,113,42,67],[63,112,47,83,99,34,70,92,54],[50,75,91,46,59,117,39,82,95],[49,62,111,33,85,98,53,69,94],[90,52,74,116,45,61,97,38,81],[77,102,37,73,86,57,66,115,41]],
    earth: [[40,114,68,67,54,95,94,81,41],[96,65,55,42,92,82,69,38,115],[80,43,93,113,70,39,53,97,66],[44,88,84,71,34,117,98,61,57],[118,72,32,58,99,59,85,45,86],[60,56,100,87,83,46,33,116,73],[51,101,64,78,47,91,111,74,37],[89,79,48,35,112,75,62,52,102],[76,36,110,103,63,50,49,90,77]],
    air:   [[41,115,66,57,86,73,37,102,77],[81,38,97,61,45,116,74,52,90],[94,69,53,98,85,33,111,62,49],[95,82,39,117,59,46,91,75,50],[54,92,70,34,99,83,47,112,63],[67,42,113,71,58,87,78,35,103],[68,55,93,84,32,100,64,48,110],[114,65,43,88,72,56,101,79,36],[40,96,80,44,118,60,51,89,76]],
    water: [[77,90,49,50,63,103,110,36,76],[102,52,62,75,112,35,48,79,89],[37,74,111,91,47,78,64,101,51],[73,116,33,46,83,87,100,56,60],[86,45,85,59,99,58,32,72,118],[57,61,98,117,34,71,84,88,44],[66,97,53,39,70,113,93,43,80],[115,38,69,82,92,42,55,65,96],[41,81,94,95,54,67,68,114,40]],
    hierarchy: { usurper:32, guide:118, mystery:150, adjuster:654, leader:1962, regulator:2616, genGov:5232, highOverseer:617376 },
    angelArabic: { usurper:351, guide:77, mystery:109, adjuster:613, leader:1921, regulator:2575, genGov:5191, highOverseer:617335 },
    angelHebrew: { usurper:1, guide:87, mystery:119, adjuster:623, leader:1931, regulator:2585, genGov:5201, highOverseer:617345 },
    jinnArabic:  { usurper:73, guide:159, mystery:191, adjuster:335, leader:1643, regulator:2297, genGov:4913, highOverseer:617057 },
    jinnHebrew:  { usurper:63, guide:149, mystery:181, adjuster:325, leader:1633, regulator:2287, genGov:4903, highOverseer:617047 },
  },

  saturnSquare10x10: {
    fire:  [[15,33,40,78,69,116,62,54,86,101],[26,90,83,74,118,99,17,59,45,43],[41,46,70,117,100,85,34,22,63,76],[47,72,115,102,35,81,89,30,19,64],[60,114,104,39,50,73,77,87,32,18],[67,24,25,92,80,56,52,42,97,119],[79,61,21,28,94,49,37,98,122,65],[93,82,57,16,27,44,95,121,68,51],[103,36,48,55,23,31,120,66,84,88],[123,96,91,53,58,20,71,75,38,29]],
    earth: [[123,103,93,79,67,60,47,41,26,15],[96,36,82,61,24,114,72,46,90,33],[91,48,57,21,25,104,115,70,83,40],[53,55,16,28,92,39,102,117,74,78],[58,23,27,94,80,50,35,100,118,69],[20,31,44,49,56,73,81,85,99,116],[71,120,95,37,52,77,89,34,17,62],[75,66,121,98,42,87,30,22,59,54],[38,84,68,122,97,32,19,63,45,86],[29,88,51,65,119,18,64,76,43,101]],
    air:   [[29,38,75,71,20,58,53,91,96,123],[88,84,66,120,31,23,55,48,36,103],[51,68,121,95,44,27,16,57,82,93],[65,122,98,37,49,94,28,21,61,79],[119,97,42,52,56,80,92,25,24,67],[18,32,87,77,73,50,39,104,114,60],[64,19,30,89,81,35,102,115,72,47],[76,63,22,34,85,100,117,70,46,41],[43,45,59,17,99,118,74,83,90,26],[101,86,54,62,116,69,78,40,33,15]],
    water: [[101,43,76,64,18,119,65,51,88,29],[86,45,63,19,32,97,122,68,84,38],[54,59,22,30,87,42,98,121,66,75],[62,17,34,89,77,52,37,95,120,71],[116,99,85,81,73,56,49,44,31,20],[69,118,100,35,50,80,94,27,23,58],[78,74,117,102,39,92,28,16,55,53],[40,83,70,115,104,25,21,57,48,91],[33,90,46,72,114,24,61,82,36,96],[15,26,41,47,60,67,79,93,103,123]],
    hierarchy: { usurper:15, guide:123, mystery:138, adjuster:654, leader:1962, regulator:2616, genGov:5232, highOverseer:643536 },
    angelArabic: { usurper:334, guide:82, mystery:97, adjuster:613, leader:1921, regulator:2575, genGov:5191, highOverseer:643495 },
    angelHebrew: { usurper:344, guide:92, mystery:107, adjuster:623, leader:1931, regulator:2585, genGov:5201, highOverseer:643505 },
    jinnArabic:  { usurper:56, guide:164, mystery:179, adjuster:335, leader:1643, regulator:2297, genGov:4913, highOverseer:643217 },
    jinnHebrew:  { usurper:46, guide:154, mystery:169, adjuster:325, leader:1633, regulator:2287, genGov:4903, highOverseer:643207 },
  },
};

// ─────────────────────────────────────────────────────────────────────────────
//  SECTION C — LEO: ANGEL RULING 5TH HOUSE: OEL (107)
//  Page 279
// ─────────────────────────────────────────────────────────────────────────────
export const LEO_OEL = {
  name: "Angel Ruling 5th House: Oel", hebrewValue: 107,
  house: 5, gridSize: 4, planet: "Jupiter",
  page: "279",

  hebrewSquare: { numerical: [[69,7,4,27],[3,28,68,8],[5,71,29,2]] },

  jupiterSquare: {
    fire:  [[19,30,24,34],[33,25,27,22],[29,20,35,23],[26,32,21,28]],
    earth: [[26,29,33,19],[32,20,25,30],[21,35,27,24],[28,23,22,34]],
    air:   [[28,21,32,26],[23,35,20,29],[22,27,25,33],[34,24,30,19]],
    water: [[34,22,23,28],[24,27,35,21],[30,25,20,32],[19,33,29,26]],
    hierarchy: { usurper:19, guide:35, mystery:54, adjuster:856, leader:2568, regulator:3424, genGov:6848, highOverseer:239680 },
    angelArabic: { usurper:338, guide:354, mystery:13, adjuster:815, leader:2527, regulator:3383, genGov:6807, highOverseer:239639 },
    angelHebrew: { usurper:348, guide:4, mystery:23, adjuster:825, leader:2537, regulator:3393, genGov:6817, highOverseer:239649 },
    jinnArabic:  { usurper:60, guide:76, mystery:95, adjuster:537, leader:2249, regulator:3105, genGov:6529, highOverseer:239361 },
    jinnHebrew:  { usurper:50, guide:66, mystery:85, adjuster:527, leader:2239, regulator:3095, genGov:6519, highOverseer:239351 },
  },

  marsSquare: {
    fire:  [[9,35,27,21,15],[22,16,10,31,28],[32,24,23,17,11],[18,12,33,25,19],[26,20,14,13,34]],
    air:   [[26,18,32,22,9],[20,12,24,16,35],[14,33,23,10,27],[13,25,17,31,21],[34,19,11,28,15]],
    earth: [[34,13,14,20,26],[19,25,33,12,18],[11,17,23,24,32],[28,31,10,16,22],[15,21,27,35,9]],
    water: [[15,28,11,19,34],[21,31,17,25,13],[27,10,23,33,14],[35,16,24,12,20],[9,22,32,18,26]],
    hierarchy: { usurper:9, guide:35, mystery:44, adjuster:107, leader:321, regulator:428, genGov:856, highOverseer:29960 },
    angelArabic: { usurper:328, guide:354, mystery:3, adjuster:66, leader:280, regulator:387, genGov:815, highOverseer:29919 },
    angelHebrew: { usurper:338, guide:4, mystery:13, adjuster:76, leader:290, regulator:397, genGov:825, highOverseer:29929 },
    jinnArabic:  { usurper:50, guide:76, mystery:85, adjuster:148, leader:2, regulator:109, genGov:537, highOverseer:29641 },
    jinnHebrew:  { usurper:40, guide:66, mystery:75, adjuster:138, leader:352, regulator:99, genGov:527, highOverseer:29631 },
  },
};

// ─────────────────────────────────────────────────────────────────────────────
//  SECTION D — LEO: ANGEL OF FIRST DECANATE: LOSANAHAR (351)
//  Page 280
// ─────────────────────────────────────────────────────────────────────────────
export const LEO_LOSANAHAR = {
  name: "Angel of First Decanate: Losanahar", hebrewValue: 351,
  gridSize: 3, planet: "Saturn",
  page: "280",

  hebrewSquare: { numerical: [[35,111,8,197],[7,198,34,112],[109,37,199,6]] },

  saturnSquare: {
    fire:  [[118,113,120],[119,117,115],[114,121,116]],
    earth: [[114,119,118],[121,117,113],[116,115,120]],
    air:   [[116,121,114],[115,117,119],[120,113,118]],
    water: [[120,115,116],[113,117,121],[118,119,114]],
    hierarchy: { usurper:113, guide:121, mystery:234, adjuster:351, leader:1053, regulator:1404, genGov:2808, highOverseer:339768 },
    angelArabic: { usurper:72, guide:80, mystery:193, adjuster:310, leader:1012, regulator:1363, genGov:2767, highOverseer:339727 },
    angelHebrew: { usurper:82, guide:90, mystery:203, adjuster:320, leader:1022, regulator:1373, genGov:2777, highOverseer:339737 },
    jinnArabic:  { usurper:154, guide:162, mystery:275, adjuster:32, leader:734, regulator:1085, genGov:2489, highOverseer:339449 },
    jinnHebrew:  { usurper:144, guide:152, mystery:265, adjuster:22, leader:724, regulator:1075, genGov:2479, highOverseer:339439 },
  },

  jupiterSquare: {
    fire:  [[80,91,85,95],[94,86,88,83],[90,81,96,84],[87,93,82,89]],
    earth: [[87,90,94,80],[93,81,86,91],[82,96,88,85],[89,84,83,95]],
    air:   [[89,82,93,87],[84,96,81,90],[83,88,86,94],[95,85,91,80]],
    water: [[95,83,84,89],[85,88,96,82],[91,86,81,93],[80,94,90,87]],
    hierarchy: { usurper:80, guide:96, mystery:176, adjuster:2808, leader:8424, regulator:11232, genGov:22464, highOverseer:2156544 },
    angelArabic: { usurper:39, guide:55, mystery:135, adjuster:2767, leader:8383, regulator:11191, genGov:22423, highOverseer:2156503 },
    angelHebrew: { usurper:49, guide:65, mystery:145, adjuster:2777, leader:8393, regulator:11201, genGov:22433, highOverseer:2156513 },
    jinnArabic:  { usurper:121, guide:137, mystery:217, adjuster:2489, leader:8105, regulator:10913, genGov:22145, highOverseer:2156225 },
    jinnHebrew:  { usurper:111, guide:127, mystery:207, adjuster:2479, leader:8095, regulator:10903, genGov:22135, highOverseer:2156215 },
  },

  marsSquare: {
    fire:  [[58,83,76,70,64],[71,65,59,79,77],[80,73,72,66,60],[67,61,81,74,68],[75,69,63,62,82]],
    air:   [[75,67,80,71,58],[69,61,73,65,83],[63,81,72,59,76],[62,74,66,79,70],[82,68,60,77,64]],
    earth: [[82,62,63,69,75],[68,74,81,61,67],[60,66,72,73,80],[77,79,59,65,71],[64,70,76,83,58]],
    water: [[64,77,60,68,82],[70,79,66,74,62],[76,59,72,81,63],[83,65,73,61,69],[58,71,80,67,75]],
    hierarchy: { usurper:58, guide:83, mystery:141, adjuster:351, leader:1053, regulator:1404, genGov:2808, highOverseer:233064 },
    angelArabic: { usurper:17, guide:42, mystery:100, adjuster:310, leader:1012, regulator:1363, genGov:2767, highOverseer:233023 },
    angelHebrew: { usurper:27, guide:52, mystery:110, adjuster:320, leader:1022, regulator:1373, genGov:2777, highOverseer:233033 },
    jinnArabic:  { usurper:99, guide:124, mystery:182, adjuster:32, leader:734, regulator:1085, genGov:2489, highOverseer:232745 },
    jinnHebrew:  { usurper:89, guide:114, mystery:172, adjuster:22, leader:724, regulator:1075, genGov:2479, highOverseer:232735 },
  },

  sunSquare: {
    fire:  [[41,52,72,58,62,66],[47,57,68,71,45,63],[53,75,61,51,67,44],[64,43,54,69,48,73],[70,59,50,42,74,56],[76,65,46,60,55,49]],
    earth: [[76,70,64,53,47,41],[65,59,43,75,57,52],[46,50,54,61,68,72],[60,42,69,51,71,58],[55,74,48,67,45,62],[49,56,73,44,63,66]],
    air:   [[49,55,60,46,65,76],[56,74,42,50,59,70],[73,48,69,54,43,64],[44,67,51,61,75,53],[63,45,71,68,57,47],[66,62,58,72,52,41]],
    water: [[66,63,44,73,56,49],[62,45,67,48,74,55],[58,71,51,69,42,60],[72,68,61,54,50,46],[52,57,75,43,59,65],[41,47,53,64,70,76]],
    hierarchy: { usurper:41, guide:76, mystery:117, adjuster:351, leader:1053, regulator:1404, genGov:2808, highOverseer:213408 },
    angelArabic: { usurper:360, guide:35, mystery:76, adjuster:310, leader:1012, regulator:1363, genGov:2767, highOverseer:213367 },
    angelHebrew: { usurper:10, guide:45, mystery:86, adjuster:320, leader:1022, regulator:1373, genGov:2777, highOverseer:213377 },
    jinnArabic:  { usurper:82, guide:117, mystery:158, adjuster:32, leader:734, regulator:1085, genGov:2489, highOverseer:213089 },
    jinnHebrew:  { usurper:72, guide:107, mystery:148, adjuster:22, leader:724, regulator:1075, genGov:2479, highOverseer:213079 },
  },

  venusSquare: {
    fire:  [[26,67,52,37,57,71,41],[72,42,27,61,53,38,58],[39,59,73,43,28,62,47],[63,48,33,60,74,44,29],[45,30,64,49,34,54,75],[55,69,46,31,65,50,35],[51,36,56,70,40,32,66]],
    earth: [[51,55,45,63,39,72,26],[36,69,30,48,59,42,67],[56,46,64,33,73,27,52],[70,31,49,60,43,61,37],[40,65,34,74,28,53,57],[32,50,54,44,62,38,71],[66,35,75,29,47,58,41]],
    air:   [[66,32,40,70,56,36,51],[35,50,65,31,46,69,55],[75,54,34,49,64,30,45],[29,44,74,60,33,48,63],[47,62,28,43,73,59,39],[58,38,53,61,27,42,72],[41,71,57,37,52,67,26]],
    water: [[41,58,47,29,75,35,66],[71,38,62,44,54,50,32],[57,53,28,74,34,65,40],[37,61,43,60,49,31,70],[52,27,73,33,64,46,56],[67,42,59,48,30,69,36],[26,72,39,63,45,55,51]],
    hierarchy: { usurper:26, guide:75, mystery:101, adjuster:351, leader:1053, regulator:1404, genGov:2808, highOverseer:210600 },
    angelArabic: { usurper:345, guide:34, mystery:60, adjuster:310, leader:1012, regulator:1363, genGov:2767, highOverseer:210559 },
    angelHebrew: { usurper:355, guide:44, mystery:70, adjuster:320, leader:1022, regulator:1373, genGov:2777, highOverseer:210569 },
    jinnArabic:  { usurper:67, guide:116, mystery:142, adjuster:32, leader:734, regulator:1085, genGov:2489, highOverseer:210281 },
    jinnHebrew:  { usurper:57, guide:106, mystery:132, adjuster:22, leader:724, regulator:1075, genGov:2479, highOverseer:210271 },
  },

  mercurySquare: {
    fire:  [[12,28,76,57,46,62,43,27],[20,36,65,49,54,73,35,19],[63,47,26,42,29,13,56,75],[74,55,18,34,37,21,48,64],[41,25,44,60,78,59,14,30],[33,17,52,71,67,51,22,38],[58,77,31,15,24,40,61,45],[50,66,39,23,16,32,72,53]],
    earth: [[50,58,33,41,74,63,20,12],[66,77,17,25,55,47,36,28],[39,31,52,44,18,26,65,76],[23,15,71,60,34,42,49,57],[16,24,67,78,37,29,54,46],[32,40,51,59,21,13,73,62],[72,61,22,14,48,56,35,43],[53,45,38,30,64,75,19,27]],
    air:   [[53,72,32,16,23,39,66,50],[45,61,40,24,15,31,77,58],[38,22,51,67,71,52,17,33],[30,14,59,78,60,44,25,41],[64,48,21,37,34,18,55,74],[75,56,13,29,42,26,47,63],[19,35,73,54,49,65,36,20],[27,43,62,46,57,76,28,12]],
    water: [[27,19,75,64,30,38,45,53],[43,35,56,48,14,22,61,72],[62,73,13,21,59,51,40,32],[46,54,29,37,78,67,24,16],[57,49,42,34,60,71,15,23],[76,65,26,18,44,52,31,39],[28,36,47,55,25,17,77,66],[12,20,63,74,41,33,58,50]],
    hierarchy: { usurper:12, guide:78, mystery:90, adjuster:351, leader:1053, regulator:1404, genGov:2808, highOverseer:219024 },
    angelArabic: { usurper:331, guide:37, mystery:49, adjuster:310, leader:1012, regulator:1363, genGov:2767, highOverseer:218983 },
    angelHebrew: { usurper:341, guide:47, mystery:59, adjuster:320, leader:1022, regulator:1373, genGov:2777, highOverseer:218993 },
    jinnArabic:  { usurper:53, guide:119, mystery:131, adjuster:32, leader:734, regulator:1085, genGov:2489, highOverseer:218705 },
    jinnHebrew:  { usurper:43, guide:109, mystery:121, adjuster:22, leader:724, regulator:1075, genGov:2479, highOverseer:218695 },
  },
};

// ─────────────────────────────────────────────────────────────────────────────
//  SECTION E — LEO: QUINANCE + DECANATE ENTITIES (pp.286–302)
// ─────────────────────────────────────────────────────────────────────────────
export const LEO_ADDITIONAL_ENTITIES = [
  {
    name: "Angel of First Quinance: Vahaviah (32)", hebrewValue: 32,
    note: "No Numerical Squares Available",
    page: "286",
    hebrewSquare: { numerical: [[5,6,9,12],[8,13,4,7],[4,7,14,7]] },
  },
  {
    name: "Angel of Second Quinance: Yelayel (81)", hebrewValue: 81,
    note: "Numerical Squares See Page: 104",
    page: "286",
    hebrewSquare: { numerical: [[9,31,13,28],[12,29,8,32],[29,11,30,11]] },
  },
  {
    name: "Angel of Second Decanate: Zachi (95)", hebrewValue: 95,
    gridSize: 4, planet: "Jupiter",
    page: "286",
    hebrewSquare: { numerical: [[6,9,73,7],[72,8,5,10],[7,8,9,71]] },
    jupiterSquare: {
      fire:  [[16,27,21,31],[30,22,24,19],[26,17,32,20],[23,29,18,25]],
      earth: [[23,26,30,16],[29,17,22,27],[18,32,24,21],[25,20,19,31]],
      air:   [[25,18,29,23],[20,32,17,26],[19,24,22,30],[31,21,27,16]],
      water: [[31,19,20,25],[21,24,32,18],[27,22,17,29],[16,30,26,23]],
      hierarchy: { usurper:16, guide:32, mystery:48, adjuster:760, leader:2280, regulator:3040, genGov:6080, highOverseer:194560 },
      angelArabic: { usurper:335, guide:351, mystery:7, adjuster:719, leader:2239, regulator:2999, genGov:6039, highOverseer:194519 },
      angelHebrew: { usurper:345, guide:1, mystery:17, adjuster:729, leader:2249, regulator:3009, genGov:6049, highOverseer:194529 },
      jinnArabic:  { usurper:57, guide:73, mystery:89, adjuster:441, leader:1961, regulator:2721, genGov:5761, highOverseer:194241 },
      jinnHebrew:  { usurper:47, guide:63, mystery:79, adjuster:431, leader:1951, regulator:2711, genGov:5751, highOverseer:194231 },
    },
    marsSquare: {
      fire:  [[7,31,25,19,13],[20,14,8,27,26],[28,22,21,15,9],[16,10,29,23,17],[24,18,12,11,30]],
      air:   [[24,16,28,20,7],[18,10,22,14,31],[12,29,21,8,25],[11,23,15,27,19],[30,17,9,26,13]],
      earth: [[30,11,12,18,24],[17,23,29,10,16],[9,15,21,22,28],[26,27,8,14,20],[13,19,25,31,7]],
      water: [[13,26,9,17,30],[19,27,15,23,11],[25,8,21,29,12],[31,14,22,10,18],[7,20,28,16,24]],
      hierarchy: { usurper:7, guide:31, mystery:38, adjuster:95, leader:285, regulator:380, genGov:760, highOverseer:23560 },
      angelArabic: { usurper:326, guide:350, mystery:357, adjuster:54, leader:244, regulator:339, genGov:719, highOverseer:23519 },
      angelHebrew: { usurper:336, guide:360, mystery:7, adjuster:64, leader:254, regulator:349, genGov:729, highOverseer:23529 },
      jinnArabic:  { usurper:48, guide:72, mystery:79, adjuster:136, leader:326, regulator:61, genGov:441, highOverseer:23241 },
      jinnHebrew:  { usurper:38, guide:62, mystery:69, adjuster:126, leader:316, regulator:51, genGov:431, highOverseer:23231 },
    },
  },
  {
    name: "Angel of Third Quinance: Sitael (110)", hebrewValue: 110,
    gridSize: 4, planet: "Jupiter",
    page: "288",
    hebrewSquare: { numerical: [[59,11,12,28],[11,29,58,12],[9,61,30,10]] },
    jupiterSquare: {
      fire:  [[20,31,25,34],[33,26,28,23],[30,21,35,24],[27,32,22,29]],
      earth: [[27,30,33,20],[32,21,26,31],[22,35,28,25],[29,24,23,34]],
      air:   [[29,22,32,27],[24,35,21,30],[23,28,26,33],[34,25,31,20]],
      water: [[34,23,24,29],[25,28,35,22],[31,26,21,32],[20,33,30,27]],
      hierarchy: { usurper:20, guide:35, mystery:55, adjuster:880, leader:2640, regulator:3520, genGov:7040, highOverseer:246400 },
      angelArabic: { usurper:339, guide:354, mystery:14, adjuster:839, leader:2599, regulator:3479, genGov:6999, highOverseer:246359 },
      angelHebrew: { usurper:349, guide:4, mystery:24, adjuster:849, leader:2609, regulator:3489, genGov:7009, highOverseer:246369 },
      jinnArabic:  { usurper:61, guide:76, mystery:96, adjuster:561, leader:2321, regulator:3201, genGov:6721, highOverseer:246081 },
      jinnHebrew:  { usurper:51, guide:66, mystery:86, adjuster:551, leader:2311, regulator:3191, genGov:6711, highOverseer:246071 },
    },
    marsSquare: {
      fire:  [[10,34,28,22,16],[23,17,11,30,29],[31,25,24,18,12],[19,13,32,26,20],[27,21,15,14,33]],
      air:   [[27,19,31,23,10],[21,13,25,17,34],[15,32,24,11,28],[14,26,18,30,22],[33,20,12,29,16]],
      earth: [[33,14,15,21,27],[20,26,32,13,19],[12,18,24,25,31],[29,30,11,17,23],[16,22,28,34,10]],
      water: [[16,29,12,20,33],[22,30,18,26,14],[28,11,24,32,15],[34,17,25,13,21],[10,23,31,19,27]],
      hierarchy: { usurper:10, guide:34, mystery:44, adjuster:110, leader:330, regulator:440, genGov:880, highOverseer:29920 },
      angelArabic: { usurper:329, guide:353, mystery:3, adjuster:69, leader:289, regulator:399, genGov:839, highOverseer:29879 },
      angelHebrew: { usurper:339, guide:3, mystery:13, adjuster:79, leader:299, regulator:409, genGov:849, highOverseer:29889 },
      jinnArabic:  { usurper:51, guide:75, mystery:85, adjuster:151, leader:11, regulator:121, genGov:561, highOverseer:29601 },
      jinnHebrew:  { usurper:41, guide:65, mystery:75, adjuster:141, leader:1, regulator:111, genGov:551, highOverseer:29591 },
    },
  },
  {
    name: "Angel of Fourth Quinance: Elemiah (155)", hebrewValue: 155,
    note: "Numerical Squares See Page: 267",
    page: "290",
    hebrewSquare: { numerical: [[69,31,43,12],[42,13,68,32],[29,71,14,41]] },
  },
  {
    name: "Angel of Third Decanate: Sahiber (277)", hebrewValue: 277,
    gridSize: 4, planet: "Jupiter",
    page: "290",
    hebrewSquare: { numerical: [[59,6,15,197],[14,198,58,7],[4,61,199,13]] },
    jupiterSquare: {
      fire:  [[61,72,66,78],[77,67,69,64],[71,62,79,65],[68,76,63,70]],
      earth: [[68,71,77,61],[76,62,67,72],[63,79,69,66],[70,65,64,78]],
      air:   [[70,63,76,68],[65,79,62,71],[64,69,67,77],[78,66,72,61]],
      water: [[78,64,65,70],[66,69,79,63],[72,67,62,76],[61,77,71,68]],
      hierarchy: { usurper:61, guide:79, mystery:140, adjuster:2216, leader:6648, regulator:8864, genGov:17728, highOverseer:1400512 },
      angelArabic: { usurper:20, guide:38, mystery:99, adjuster:2175, leader:6607, regulator:8823, genGov:17687, highOverseer:1400471 },
      angelHebrew: { usurper:30, guide:48, mystery:109, adjuster:2185, leader:6617, regulator:8833, genGov:17697, highOverseer:1400481 },
      jinnArabic:  { usurper:102, guide:120, mystery:181, adjuster:1897, leader:6329, regulator:8545, genGov:17409, highOverseer:1400193 },
      jinnHebrew:  { usurper:92, guide:110, mystery:171, adjuster:1887, leader:6319, regulator:8535, genGov:17399, highOverseer:1400183 },
    },
    marsSquare: {
      fire:  [[43,69,61,55,49],[56,50,44,65,62],[66,58,57,51,45],[52,46,67,59,53],[60,54,48,47,68]],
      air:   [[60,52,66,56,43],[54,46,58,50,69],[48,67,57,44,61],[47,59,51,65,55],[68,53,45,62,49]],
      earth: [[68,47,48,54,60],[53,59,67,46,52],[45,51,57,58,66],[62,65,44,50,56],[49,55,61,69,43]],
      water: [[49,62,45,53,68],[55,65,51,59,47],[61,44,57,67,48],[69,50,58,46,54],[43,56,66,52,60]],
      hierarchy: { usurper:43, guide:69, mystery:112, adjuster:277, leader:831, regulator:1108, genGov:2216, highOverseer:152904 },
      angelArabic: { usurper:2, guide:28, mystery:71, adjuster:236, leader:790, regulator:1067, genGov:2175, highOverseer:152863 },
      angelHebrew: { usurper:12, guide:38, mystery:81, adjuster:246, leader:800, regulator:1077, genGov:2185, highOverseer:152873 },
      jinnArabic:  { usurper:84, guide:110, mystery:153, adjuster:318, leader:512, regulator:789, genGov:1897, highOverseer:152585 },
      jinnHebrew:  { usurper:74, guide:100, mystery:143, adjuster:308, leader:502, regulator:779, genGov:1887, highOverseer:152575 },
    },
    sunSquare: {
      fire:  [[28,39,63,45,49,53],[34,44,55,62,32,50],[40,66,48,38,54,31],[51,30,41,56,35,64],[57,46,37,29,65,43],[67,52,33,47,42,36]],
      earth: [[67,57,51,40,34,28],[52,46,30,66,44,39],[33,37,41,48,55,63],[47,29,56,38,62,45],[42,65,35,54,32,49],[36,43,64,31,50,53]],
      air:   [[36,42,47,33,52,67],[43,65,29,37,46,57],[64,35,56,41,30,51],[31,54,38,48,66,40],[50,32,62,55,44,34],[53,49,45,63,39,28]],
      water: [[53,50,31,64,43,36],[49,32,54,35,65,42],[45,62,38,56,29,47],[63,55,48,41,37,33],[39,44,66,30,46,52],[28,34,40,51,57,67]],
      hierarchy: { usurper:28, guide:67, mystery:95, adjuster:277, leader:831, regulator:1108, genGov:2216, highOverseer:148472 },
      angelArabic: { usurper:347, guide:26, mystery:54, adjuster:236, leader:790, regulator:1067, genGov:2175, highOverseer:148431 },
      angelHebrew: { usurper:357, guide:36, mystery:64, adjuster:246, leader:800, regulator:1077, genGov:2185, highOverseer:148441 },
      jinnArabic:  { usurper:69, guide:108, mystery:136, adjuster:318, leader:512, regulator:789, genGov:1897, highOverseer:148153 },
      jinnHebrew:  { usurper:59, guide:98, mystery:126, adjuster:308, leader:502, regulator:779, genGov:1887, highOverseer:148143 },
    },
    venusSquare_fire: [[15,56,41,26,46,63,30],[64,31,16,50,42,27,47],[28,48,65,32,17,51,36],[52,37,22,49,66,33,18],[34,19,53,38,23,43,67],[44,61,35,20,54,39,24],[40,25,45,62,29,21,55]],
    venusSquare_air:  [[55,21,29,62,45,25,40],[24,39,54,20,35,61,44],[67,43,23,38,53,19,34],[18,33,66,49,22,37,52],[36,51,17,32,65,48,28],[47,27,42,50,16,31,64],[30,63,46,26,41,56,15]],
    venusSquare_earth: [[40,44,34,52,28,64,15],[25,61,19,37,48,31,56],[45,35,53,22,65,16,41],[62,20,38,49,32,50,26],[29,54,23,66,17,42,46],[21,39,43,33,51,27,63],[55,24,67,18,36,47,30]],
    venusSquare_water: [[30,47,36,18,67,24,55],[63,27,51,33,43,39,21],[46,42,17,66,23,54,29],[26,50,32,49,38,20,62],[41,16,65,22,53,35,45],[56,31,48,37,19,61,25],[15,64,28,52,34,44,40]],
    venusHierarchy: { usurper:15, guide:67, mystery:82, adjuster:277, leader:831, regulator:1108, genGov:2216, highOverseer:148472 },
    venusAngelArabic: { usurper:334, guide:26, mystery:41, adjuster:236, leader:790, regulator:1067, genGov:2175, highOverseer:148431 },
    venusAngelHebrew: { usurper:344, guide:36, mystery:51, adjuster:246, leader:800, regulator:1077, genGov:2185, highOverseer:148441 },
    venusJinnArabic:  { usurper:56, guide:108, mystery:123, adjuster:318, leader:512, regulator:789, genGov:1897, highOverseer:148153 },
    venusJinnHebrew:  { usurper:46, guide:98, mystery:113, adjuster:308, leader:502, regulator:779, genGov:1887, highOverseer:148143 },
    mercurySquare: {
      fire:  [[3,19,65,48,37,53,34,18],[11,27,56,40,45,62,26,10],[54,38,17,33,20,4,47,64],[63,46,9,25,28,12,39,55],[32,16,35,51,67,50,5,21],[24,8,43,60,58,42,13,29],[49,66,22,6,15,31,52,36],[41,57,30,14,7,23,61,44]],
      earth: [[41,49,24,32,63,54,11,3],[57,66,8,16,46,38,27,19],[30,22,43,35,9,17,56,65],[14,6,60,51,25,33,40,48],[7,15,58,67,28,20,45,37],[23,31,42,50,12,4,62,53],[61,52,13,5,39,47,26,34],[44,36,29,21,55,64,10,18]],
      air:   [[44,61,23,7,14,30,57,41],[36,52,31,15,6,22,66,49],[29,13,42,58,60,43,8,24],[21,5,50,67,51,35,16,32],[55,39,12,28,25,9,46,63],[64,47,4,20,33,17,38,54],[10,26,62,45,40,56,27,11],[18,34,53,37,48,65,19,3]],
      water: [[18,10,64,55,21,29,36,44],[34,26,47,39,5,13,52,61],[53,62,4,12,50,42,31,23],[37,45,20,28,67,58,15,7],[48,40,33,25,51,60,6,14],[65,56,17,9,35,43,22,30],[19,27,38,46,16,8,66,57],[3,11,54,63,32,24,49,41]],
      hierarchy: { usurper:3, guide:67, mystery:70, adjuster:277, leader:831, regulator:1108, genGov:2216, highOverseer:148472 },
      angelArabic: { usurper:322, guide:26, mystery:29, adjuster:236, leader:790, regulator:1067, genGov:2175, highOverseer:148431 },
      angelHebrew: { usurper:332, guide:36, mystery:39, adjuster:246, leader:800, regulator:1077, genGov:2185, highOverseer:148441 },
      jinnArabic:  { usurper:44, guide:108, mystery:111, adjuster:318, leader:512, regulator:789, genGov:1897, highOverseer:148153 },
      jinnHebrew:  { usurper:34, guide:98, mystery:101, adjuster:308, leader:502, regulator:779, genGov:1887, highOverseer:148143 },
    },
  },
  {
    name: "Angel of Fifth Quinance: Mahashiah (360)", hebrewValue: 360,
    gridSize: 3, planet: "Saturn",
    page: "295",
    hebrewSquare: { numerical: [[39,6,303,12],[302,13,38,7],[4,41,14,301]] },
    saturnSquare: {
      fire:  [[121,116,123],[122,120,118],[117,124,119]],
      earth: [[117,122,121],[124,120,116],[119,118,123]],
      air:   [[119,124,117],[118,120,122],[123,116,121]],
      water: [[123,118,119],[116,120,124],[121,122,117]],
      hierarchy: { usurper:116, guide:124, mystery:240, adjuster:360, leader:1080, regulator:1440, genGov:2880, highOverseer:357120 },
      angelArabic: { usurper:75, guide:83, mystery:199, adjuster:319, leader:1039, regulator:1399, genGov:2839, highOverseer:357079 },
      angelHebrew: { usurper:85, guide:93, mystery:209, adjuster:329, leader:1049, regulator:1409, genGov:2849, highOverseer:357089 },
