// ═══════════════════════════════════════════════════════════════════════════
//  PERMANENT BOOK KNOWLEDGE DATABASE — PART 4
//  Source: "The Occult Encyclopedia of Magick Squares"
//  PDF Pages: 559–609 (51 pages)
//  Covers: Aquarius chapter (complete) + Pisces chapter (start)
//  Date Added: 2026-06-07
// ═══════════════════════════════════════════════════════════════════════════

// ─────────────────────────────────────────────────────────────────────────────
//  SECTION A — AQUARIUS CHAPTER (pp.559–600)
//  Sign: Deli (44) — No Hebrew Squares Available, Numerical Squares See Page: 1
//  Ruling Planet: Saturn
// ─────────────────────────────────────────────────────────────────────────────

export const AQUARIUS_CHAPTER = {
  sign: "Aquarius",
  hebrewSignName: "Deli",
  hebrewSignValue: 44,
  noHebrewSquares: true,
  numericalSquaresPage: 1,
  rulingPlanet: "Saturn",
  entities: [
    { name:"Sign Aquarius: Deli",          gematria:44,  note:"No Hebrew Squares Available" },
    { name:"Archangel: Kambriel",          gematria:304, planet:"Jupiter", gridSize:4 },
    { name:"Angel: Tzakmiqiel",            gematria:291, planet:"Saturn",  gridSize:3 },
    { name:"Lord Triplicity Day: Athor",   gematria:676, planet:"Jupiter", gridSize:4 },
    { name:"Lord Triplicity Night: Polayan",gematria:171, planet:"Saturn",  gridSize:3 },
    { name:"Angel 11th House: Ansuel",     gematria:148, note:"Numerical Squares See Page: 353" },
    { name:"1st Decanate: Saspam",         gematria:240, planet:"Saturn",  gridSize:3 },
    { name:"2nd Decanate: Abdaron",        gematria:263, note:"Numerical Squares See Page: 411" },
    { name:"3rd Quinance: Rehael",         gematria:306, planet:"Saturn",  gridSize:3 },
    { name:"1st Quinance: Aniel",          gematria:92,  planet:"Jupiter", gridSize:4 },
    { name:"2nd Quinance: Chamiah",        gematria:133, planet:"Jupiter", gridSize:4 },
    { name:"4th Quinance: Yeyazel",        gematria:58,  note:"Numerical Squares See Page: 549" },
    { name:"3rd Decanate: Gerodiel",       gematria:254, note:"Numerical Squares See Page: 355" },
    { name:"5th Quinance: Hahahel",        gematria:46,  note:"Numerical Squares See Page: 90" },
    { name:"6th Quinance: Michael",        gematria:101, note:"Numerical Squares See Page: 247" },
  ],
};

// ─────────────────────────────────────────────────────────────────────────────
//  SECTION B — ARCHANGEL OF AQUARIUS: KAMBRIEL (304)
//  pp.559–570 — Full multi-planet hierarchy data
// ─────────────────────────────────────────────────────────────────────────────
export const AQUARIUS_KAMBRIEL = {
  name: "Archangel of Aquarius: Kambriel", hebrewValue: 304,
  gridSize: 4, planet: "Jupiter",
  hebrewSquare: { numerical: [[20,43,213,28],[212,29,19,44],[41,22,30,211]] },
  squares: {
    fire:  [[68,79,73,84],[83,74,76,71],[78,69,85,72],[75,82,70,77]],
    earth: [[75,78,83,68],[82,69,74,79],[70,85,76,73],[77,72,71,84]],
    air:   [[77,70,82,75],[72,85,69,78],[71,76,74,83],[84,73,79,68]],
    water: [[84,71,72,77],[73,76,85,70],[79,74,69,82],[68,83,78,75]],
  },
  // Mars 5×5 — p.560
  marsSquare: {
    fire:  [[48,76,66,60,54],[61,55,49,72,67],[73,63,62,56,50],[57,51,74,64,58],[65,59,53,52,75]],
    air:   [[65,57,73,61,48],[59,51,63,55,76],[53,74,62,49,66],[52,64,56,72,60],[75,58,50,67,54]],
    earth: [[75,52,53,59,65],[58,64,74,51,57],[50,56,62,63,73],[67,72,49,55,61],[54,60,66,76,48]],
    water: [[54,67,50,58,75],[60,72,56,64,52],[66,49,62,74,53],[76,55,63,51,59],[48,61,73,57,65]],
    hierarchy: { usurper:48, guide:76, mystery:124, adjuster:304, leader:912, regulator:1216, genGov:2432, highOverseer:184832 },
    angelArabic: { usurper:7, guide:35, mystery:83, adjuster:263, leader:871, regulator:1175, genGov:2391, highOverseer:184791 },
    angelHebrew: { usurper:17, guide:45, mystery:93, adjuster:273, leader:881, regulator:1185, genGov:2401, highOverseer:184801 },
    jinnArabic:  { usurper:89, guide:117, mystery:165, adjuster:345, leader:593, regulator:897, genGov:2113, highOverseer:184513 },
    jinnHebrew:  { usurper:79, guide:107, mystery:155, adjuster:335, leader:583, regulator:887, genGov:2103, highOverseer:184503 },
  },
  // Mars 5×5 second variant (usurper=68) — p.560 top table
  marsSquareJupiterLevel: {
    hierarchy: { usurper:68, guide:85, mystery:153, adjuster:2432, leader:7296, regulator:9728, genGov:19456, highOverseer:1653760 },
    angelArabic: { usurper:27, guide:44, mystery:112, adjuster:2391, leader:7255, regulator:9687, genGov:19415, highOverseer:1653719 },
    angelHebrew: { usurper:37, guide:54, mystery:122, adjuster:2401, leader:7265, regulator:9697, genGov:19425, highOverseer:1653729 },
    jinnArabic:  { usurper:109, guide:126, mystery:194, adjuster:2113, leader:6977, regulator:9409, genGov:19137, highOverseer:1653441 },
    jinnHebrew:  { usurper:99, guide:116, mystery:184, adjuster:2103, leader:6967, regulator:9399, genGov:19127, highOverseer:1653431 },
  },
  // Sun 6×6 — p.561
  sunSquare: {
    fire:  [[33,44,65,50,54,58],[39,49,60,64,37,55],[45,68,53,43,59,36],[56,35,46,61,40,66],[62,51,42,34,67,48],[69,57,38,52,47,41]],
    earth: [[69,62,56,45,39,33],[57,51,35,68,49,44],[38,42,46,53,60,65],[52,34,61,43,64,50],[47,67,40,59,37,54],[41,48,66,36,55,58]],
    air:   [[41,47,52,38,57,69],[48,67,34,42,51,62],[66,40,61,46,35,56],[36,59,43,53,68,45],[55,37,64,60,49,39],[58,54,50,65,44,33]],
    water: [[58,55,36,66,48,41],[54,37,59,40,67,47],[50,64,43,61,34,52],[65,60,53,46,42,38],[44,49,68,35,51,57],[33,39,45,56,62,69]],
    hierarchy: { usurper:33, guide:69, mystery:102, adjuster:304, leader:912, regulator:1216, genGov:2432, highOverseer:167808 },
    angelArabic: { usurper:352, guide:28, mystery:61, adjuster:263, leader:871, regulator:1175, genGov:2391, highOverseer:167767 },
    angelHebrew: { usurper:2, guide:38, mystery:71, adjuster:273, leader:881, regulator:1185, genGov:2401, highOverseer:167777 },
    jinnArabic:  { usurper:74, guide:110, mystery:143, adjuster:345, leader:593, regulator:897, genGov:2113, highOverseer:167489 },
    jinnHebrew:  { usurper:64, guide:100, mystery:133, adjuster:335, leader:583, regulator:887, genGov:2103, highOverseer:167479 },
  },
  // Venus 7×7 — p.562
  venusSquare: {
    fire:  [[19,60,45,30,50,66,34],[67,35,20,54,46,31,51],[32,52,68,36,21,55,40],[56,41,26,53,69,37,22],[38,23,57,42,27,47,70],[48,64,39,24,58,43,28],[44,29,49,65,33,25,59]],
    air:   [[59,25,33,65,49,29,44],[28,43,58,24,39,64,48],[70,47,27,42,57,23,38],[22,37,69,53,26,41,56],[40,55,21,36,68,52,32],[51,31,46,54,20,35,67],[34,66,50,30,45,60,19]],
    earth: [[44,48,38,56,32,67,19],[29,64,23,41,52,35,60],[49,39,57,26,68,20,45],[65,24,42,53,36,54,30],[33,58,27,69,21,46,50],[25,43,47,37,55,31,66],[59,28,70,22,40,51,34]],
    water: [[34,51,40,22,70,28,59],[66,31,55,37,47,43,25],[50,46,21,69,27,58,33],[30,54,36,53,42,24,65],[45,20,68,26,57,39,49],[60,35,52,41,23,64,29],[19,67,32,56,38,48,44]],
    hierarchy: { usurper:19, guide:70, mystery:89, adjuster:304, leader:912, regulator:1216, genGov:2432, highOverseer:170240 },
    angelArabic: { usurper:338, guide:29, mystery:48, adjuster:263, leader:871, regulator:1175, genGov:2391, highOverseer:170199 },
    angelHebrew: { usurper:348, guide:39, mystery:58, adjuster:273, leader:881, regulator:1185, genGov:2401, highOverseer:170209 },
    jinnArabic:  { usurper:60, guide:111, mystery:130, adjuster:345, leader:593, regulator:897, genGov:2113, highOverseer:169921 },
    jinnHebrew:  { usurper:50, guide:101, mystery:120, adjuster:335, leader:583, regulator:887, genGov:2103, highOverseer:169911 },
  },
  // Mercury 8×8 — pp.563–564
  mercurySquare: {
    fire:  [[6,22,71,51,40,56,37,21],[14,30,59,43,48,68,29,13],[57,41,20,36,23,7,50,70],[69,49,12,28,31,15,42,58],[35,19,38,54,73,53,8,24],[27,11,46,66,61,45,16,32],[52,72,25,9,18,34,55,39],[44,60,33,17,10,26,67,47]],
    earth: [[44,52,27,35,69,57,14,6],[60,72,11,19,49,41,30,22],[33,25,46,38,12,20,59,71],[17,9,66,54,28,36,43,51],[10,18,61,73,31,23,48,40],[26,34,45,53,15,7,68,56],[67,55,16,8,42,50,29,37],[47,39,32,24,58,70,13,21]],
    air:   [[47,67,26,10,17,33,60,44],[39,55,34,18,9,25,72,52],[32,16,45,61,66,46,11,27],[24,8,53,73,54,38,19,35],[58,42,15,31,28,12,49,69],[70,50,7,23,36,20,41,57],[13,29,68,48,43,59,30,14],[21,37,56,40,51,71,22,6]],
    water: [[21,13,70,58,24,32,39,47],[37,29,50,42,8,16,55,67],[56,68,7,15,53,45,34,26],[40,48,23,31,73,61,18,10],[51,43,36,28,54,66,9,17],[71,59,20,12,38,46,25,33],[22,30,41,49,19,11,72,60],[6,14,57,69,35,27,52,44]],
    hierarchy: { usurper:6, guide:73, mystery:79, adjuster:304, leader:912, regulator:1216, genGov:2432, highOverseer:177536 },
    angelArabic: { usurper:325, guide:32, mystery:38, adjuster:263, leader:871, regulator:1175, genGov:2391, highOverseer:177495 },
    angelHebrew: { usurper:335, guide:42, mystery:48, adjuster:273, leader:881, regulator:1185, genGov:2401, highOverseer:177505 },
    jinnArabic:  { usurper:47, guide:114, mystery:120, adjuster:345, leader:593, regulator:897, genGov:2113, highOverseer:177217 },
    jinnHebrew:  { usurper:37, guide:104, mystery:110, adjuster:335, leader:583, regulator:887, genGov:2103, highOverseer:177207 },
  },
};

// ─────────────────────────────────────────────────────────────────────────────
//  SECTION C — ANGEL OF AQUARIUS: TZAKMIQIEL (291)
//  pp.564–569 — Full multi-planet data
// ─────────────────────────────────────────────────────────────────────────────
export const AQUARIUS_TZAKMIQIEL = {
  name: "Angel of Aquarius: Tzakmiqiel", hebrewValue: 291,
  gridSize: 3, planet: "Saturn",
  hebrewSquare: { numerical: [[109,41,103,38],[102,39,108,42],[39,111,40,101]] },
  // Saturn 3×3 — p.565
  saturnSquare: {
    fire:  [[98,93,100],[99,97,95],[94,101,96]],
    earth: [[94,99,98],[101,97,93],[96,95,100]],
    air:   [[96,101,94],[95,97,99],[100,93,98]],
    water: [[100,95,96],[93,97,101],[98,99,94]],
    hierarchy: { usurper:93, guide:101, mystery:194, adjuster:291, leader:873, regulator:1164, genGov:2328, highOverseer:235128 },
    angelArabic: { usurper:52, guide:60, mystery:153, adjuster:250, leader:832, regulator:1123, genGov:2287, highOverseer:235087 },
    angelHebrew: { usurper:62, guide:70, mystery:163, adjuster:260, leader:842, regulator:1133, genGov:2297, highOverseer:235097 },
    jinnArabic:  { usurper:134, guide:142, mystery:235, adjuster:332, leader:554, regulator:845, genGov:2009, highOverseer:234809 },
    jinnHebrew:  { usurper:124, guide:132, mystery:225, adjuster:322, leader:544, regulator:835, genGov:1999, highOverseer:234799 },
  },
  // Jupiter 4×4 — p.565
  jupiterSquare: {
    fire:  [[65,76,70,80],[79,71,73,68],[75,66,81,69],[72,78,67,74]],
    earth: [[72,75,79,65],[78,66,71,76],[67,81,73,70],[74,69,68,80]],
    air:   [[74,67,78,72],[69,81,66,75],[68,73,71,79],[80,70,76,65]],
    water: [[80,68,69,74],[70,73,81,67],[76,71,66,78],[65,79,75,72]],
    hierarchy: { usurper:65, guide:81, mystery:146, adjuster:2328, leader:6984, regulator:9312, genGov:18624, highOverseer:1508544 },
    angelArabic: { usurper:24, guide:40, mystery:105, adjuster:2287, leader:6943, regulator:9271, genGov:18583, highOverseer:1508503 },
    angelHebrew: { usurper:34, guide:50, mystery:115, adjuster:2297, leader:6953, regulator:9281, genGov:18593, highOverseer:1508513 },
    jinnArabic:  { usurper:106, guide:122, mystery:187, adjuster:2009, leader:6665, regulator:8993, genGov:18305, highOverseer:1508225 },
    jinnHebrew:  { usurper:96, guide:112, mystery:177, adjuster:1999, leader:6655, regulator:8983, genGov:18295, highOverseer:1508215 },
  },
  // Mars 5×5 — p.566
  marsSquare: {
    fire:  [[46,71,64,58,52],[59,53,47,67,65],[68,61,60,54,48],[55,49,69,62,56],[63,57,51,50,70]],
    air:   [[63,55,68,59,46],[57,49,61,53,71],[51,69,60,47,64],[50,62,54,67,58],[70,56,48,65,52]],
    earth: [[70,50,51,57,63],[56,62,69,49,55],[48,54,60,61,68],[65,67,47,53,59],[52,58,64,71,46]],
    water: [[52,65,48,56,70],[58,67,54,62,50],[64,47,60,69,51],[71,53,61,49,57],[46,59,68,55,63]],
    hierarchy: { usurper:46, guide:71, mystery:117, adjuster:291, leader:873, regulator:1164, genGov:2328, highOverseer:165288 },
    angelArabic: { usurper:5, guide:30, mystery:76, adjuster:250, leader:832, regulator:1123, genGov:2287, highOverseer:165247 },
    angelHebrew: { usurper:15, guide:40, mystery:86, adjuster:260, leader:842, regulator:1133, genGov:2297, highOverseer:165257 },
    jinnArabic:  { usurper:87, guide:112, mystery:158, adjuster:332, leader:554, regulator:845, genGov:2009, highOverseer:164969 },
    jinnHebrew:  { usurper:77, guide:102, mystery:148, adjuster:322, leader:544, regulator:835, genGov:1999, highOverseer:164959 },
  },
  // Sun 6×6 — p.567
  sunSquare: {
    fire:  [[31,42,62,48,52,56],[37,47,58,61,35,53],[43,65,51,41,57,34],[54,33,44,59,38,63],[60,49,40,32,64,46],[66,55,36,50,45,39]],
    earth: [[66,60,54,43,37,31],[55,49,33,65,47,42],[36,40,44,51,58,62],[50,32,59,41,61,48],[45,64,38,57,35,52],[39,46,63,34,53,56]],
    air:   [[39,45,50,36,55,66],[46,64,32,40,49,60],[63,38,59,44,33,54],[34,57,41,51,65,43],[53,35,61,58,47,37],[56,52,48,62,42,31]],
    water: [[56,53,34,63,46,39],[52,35,57,38,64,45],[48,61,41,59,32,50],[62,58,51,44,40,36],[42,47,65,33,49,55],[31,37,43,54,60,66]],
    hierarchy: { usurper:31, guide:66, mystery:97, adjuster:291, leader:873, regulator:1164, genGov:2328, highOverseer:153648 },
    angelArabic: { usurper:350, guide:25, mystery:56, adjuster:250, leader:832, regulator:1123, genGov:2287, highOverseer:153607 },
    angelHebrew: { usurper:360, guide:35, mystery:66, adjuster:260, leader:842, regulator:1133, genGov:2297, highOverseer:153617 },
    jinnArabic:  { usurper:72, guide:107, mystery:138, adjuster:332, leader:554, regulator:845, genGov:2009, highOverseer:153329 },
    jinnHebrew:  { usurper:62, guide:97, mystery:128, adjuster:322, leader:544, regulator:835, genGov:1999, highOverseer:153319 },
  },
  // Venus 7×7 — p.568
  venusSquare: {
    fire:  [[17,58,43,28,48,65,32],[66,33,18,52,44,29,49],[30,50,67,34,19,53,38],[54,39,24,51,68,35,20],[36,21,55,40,25,45,69],[46,63,37,22,56,41,26],[42,27,47,64,31,23,57]],
    air:   [[57,23,31,64,47,27,42],[26,41,56,22,37,63,46],[69,45,25,40,55,21,36],[20,35,68,51,24,39,54],[38,53,19,34,67,50,30],[49,29,44,52,18,33,66],[32,65,48,28,43,58,17]],
    earth: [[42,46,36,54,30,66,17],[27,63,21,39,50,33,58],[47,37,55,24,67,18,43],[64,22,40,51,34,52,28],[31,56,25,68,19,44,48],[23,41,45,35,53,29,65],[57,26,69,20,38,49,32]],
    water: [[32,49,38,20,69,26,57],[65,29,53,35,45,41,23],[48,44,19,68,25,56,31],[28,52,34,51,40,22,64],[43,18,67,24,55,37,47],[58,33,50,39,21,63,27],[17,66,30,54,36,46,42]],
    hierarchy: { usurper:17, guide:69, mystery:86, adjuster:291, leader:873, regulator:1164, genGov:2328, highOverseer:160632 },
    angelArabic: { usurper:336, guide:28, mystery:45, adjuster:250, leader:832, regulator:1123, genGov:2287, highOverseer:160591 },
    angelHebrew: { usurper:346, guide:38, mystery:55, adjuster:260, leader:842, regulator:1133, genGov:2297, highOverseer:160601 },
    jinnArabic:  { usurper:58, guide:110, mystery:127, adjuster:332, leader:554, regulator:845, genGov:2009, highOverseer:160313 },
    jinnHebrew:  { usurper:48, guide:100, mystery:117, adjuster:322, leader:544, regulator:835, genGov:1999, highOverseer:160303 },
  },
  // Mercury 8×8 — p.569
  mercurySquare: {
    fire:  [[4,20,72,49,38,54,35,19],[12,28,57,41,46,69,27,11],[55,39,18,34,21,5,48,71],[70,47,10,26,29,13,40,56],[33,17,36,52,74,51,6,22],[25,9,44,67,59,43,14,30],[50,73,23,7,16,32,53,37],[42,58,31,15,8,24,68,45]],
    earth: [[42,50,25,33,70,55,12,4],[58,73,9,17,47,39,28,20],[31,23,44,36,10,18,57,72],[15,7,67,52,26,34,41,49],[8,16,59,74,29,21,46,38],[24,32,43,51,13,5,69,54],[68,53,14,6,40,48,27,35],[45,37,30,22,56,71,11,19]],
    air:   [[45,68,24,8,15,31,58,42],[37,53,32,16,7,23,73,50],[30,14,43,59,67,44,9,25],[22,6,51,74,52,36,17,33],[56,40,13,29,26,10,47,70],[71,48,5,21,34,18,39,55],[11,27,69,46,41,57,28,12],[19,35,54,38,49,72,20,4]],
    water: [[19,11,71,56,22,30,37,45],[35,27,48,40,6,14,53,68],[54,69,5,13,51,43,32,24],[38,46,21,29,74,59,16,8],[49,41,34,26,52,67,7,15],[72,57,18,10,36,44,23,31],[20,28,39,47,17,9,73,58],[4,12,55,70,33,25,50,42]],
    hierarchy: { usurper:4, guide:74, mystery:78, adjuster:291, leader:873, regulator:1164, genGov:2328, highOverseer:172272 },
    angelArabic: { usurper:323, guide:33, mystery:37, adjuster:250, leader:832, regulator:1123, genGov:2287, highOverseer:172231 },
    angelHebrew: { usurper:333, guide:43, mystery:47, adjuster:260, leader:842, regulator:1133, genGov:2297, highOverseer:172241 },
    jinnArabic:  { usurper:45, guide:115, mystery:119, adjuster:332, leader:554, regulator:845, genGov:2009, highOverseer:171953 },
    jinnHebrew:  { usurper:35, guide:105, mystery:109, adjuster:322, leader:544, regulator:835, genGov:1999, highOverseer:171943 },
  },
};

// ─────────────────────────────────────────────────────────────────────────────
//  SECTION D — LORD OF TRIPLICITY BY DAY: ATHOR (676)
//  pp.570–578 — Full multi-planet data
// ─────────────────────────────────────────────────────────────────────────────
export const AQUARIUS_ATHOR = {
  name: "Lord of Triplicity by Day: Athor", hebrewValue: 676,
  gridSize: 4, planet: "Jupiter",
  hebrewSquare: { numerical: [[69,401,9,197],[8,198,68,402],[399,71,199,7]] },
  jupiterSquare: {
    fire:  [[161,172,166,177],[176,167,169,164],[171,162,178,165],[168,175,163,170]],
    earth: [[168,171,176,161],[175,162,167,172],[163,178,169,166],[170,165,164,177]],
    air:   [[177,164,165,170],[166,169,178,163],[172,167,162,175],[161,176,171,168]],
    water: [[177,164,165,170],[166,169,178,163],[172,167,162,175],[161,176,171,168]],
    hierarchy: { usurper:161, guide:178, mystery:339, adjuster:5408, leader:16224, regulator:21632, genGov:43264, highOverseer:7700992 },
    angelArabic: { usurper:120, guide:137, mystery:298, adjuster:5367, leader:16183, regulator:21591, genGov:43223, highOverseer:7700951 },
    angelHebrew: { usurper:130, guide:147, mystery:308, adjuster:5377, leader:16193, regulator:21601, genGov:43233, highOverseer:7700961 },
    jinnArabic:  { usurper:202, guide:219, mystery:20, adjuster:5089, leader:15905, regulator:21313, genGov:42945, highOverseer:7700673 },
    jinnHebrew:  { usurper:192, guide:209, mystery:10, adjuster:5079, leader:15895, regulator:21303, genGov:42935, highOverseer:7700663 },
  },
  marsSquare: {
    fire:  [[123,148,141,135,129],[136,130,124,144,142],[145,138,137,131,125],[132,126,146,139,133],[140,134,128,127,147]],
    air:   [[140,132,145,136,123],[134,126,138,130,148],[128,146,137,124,141],[127,139,131,144,135],[147,133,125,142,129]],
    earth: [[147,127,128,134,140],[133,139,146,126,132],[125,131,137,138,145],[142,144,124,130,136],[129,135,141,148,123]],
    water: [[129,142,125,133,147],[135,144,131,139,127],[141,124,137,146,128],[148,130,138,126,134],[123,136,145,132,140]],
    hierarchy: { usurper:123, guide:148, mystery:271, adjuster:676, leader:2028, regulator:2704, genGov:5408, highOverseer:800384 },
    angelArabic: { usurper:82, guide:107, mystery:230, adjuster:635, leader:1987, regulator:2663, genGov:5367, highOverseer:800343 },
    angelHebrew: { usurper:92, guide:117, mystery:240, adjuster:645, leader:1997, regulator:2673, genGov:5377, highOverseer:800353 },
    jinnArabic:  { usurper:164, guide:189, mystery:312, adjuster:357, leader:1709, regulator:2385, genGov:5089, highOverseer:800065 },
    jinnHebrew:  { usurper:154, guide:179, mystery:302, adjuster:347, leader:1699, regulator:2375, genGov:5079, highOverseer:800055 },
  },
  sunSquare: {
    fire:  [[95,106,127,112,116,120],[101,111,122,126,99,117],[107,130,115,105,121,98],[118,97,108,123,102,128],[124,113,104,96,129,110],[131,119,100,114,109,103]],
    earth: [[131,124,118,107,101,95],[119,113,97,130,111,106],[100,104,108,115,122,127],[114,96,123,105,126,112],[109,129,102,121,99,116],[103,110,128,98,117,120]],
    air:   [[103,109,114,100,119,131],[110,129,96,104,113,124],[128,102,123,108,97,118],[98,121,105,115,130,107],[117,99,126,122,111,101],[120,116,112,127,106,95]],
    water: [[120,117,98,128,110,103],[116,99,121,102,129,109],[112,126,105,123,96,114],[127,122,115,108,104,100],[106,111,130,97,113,119],[95,101,107,118,124,131]],
    hierarchy: { usurper:95, guide:131, mystery:226, adjuster:676, leader:2028, regulator:2704, genGov:5408, highOverseer:708448 },
    angelArabic: { usurper:54, guide:90, mystery:185, adjuster:635, leader:1987, regulator:2663, genGov:5367, highOverseer:708407 },
    angelHebrew: { usurper:64, guide:100, mystery:195, adjuster:645, leader:1997, regulator:2673, genGov:5377, highOverseer:708417 },
    jinnArabic:  { usurper:136, guide:172, mystery:267, adjuster:357, leader:1709, regulator:2385, genGov:5089, highOverseer:708129 },
    jinnHebrew:  { usurper:126, guide:162, mystery:257, adjuster:347, leader:1699, regulator:2375, genGov:5079, highOverseer:708119 },
  },
  venusSquare: {
    fire:  [[72,113,98,83,103,120,87],[121,88,73,107,99,84,104],[85,105,122,89,74,108,93],[109,94,79,106,123,90,75],[91,76,110,95,80,100,124],[101,118,92,77,111,96,81],[97,82,102,119,86,78,112]],
    earth: [[97,101,91,109,85,121,72],[82,118,76,94,105,88,113],[102,92,110,79,122,73,98],[119,77,95,106,89,107,83],[86,111,80,123,74,99,103],[78,96,100,90,108,84,120],[112,81,124,75,93,104,87]],
    air:   [[112,78,86,119,102,82,97],[81,96,111,77,92,118,101],[124,100,80,95,110,76,91],[75,90,123,106,79,94,109],[93,108,74,89,122,105,85],[104,84,99,107,73,88,121],[87,120,103,83,98,113,72]],
    water: [[87,104,93,75,124,81,112],[120,84,108,90,100,96,78],[103,99,74,123,80,111,86],[83,107,89,106,95,77,119],[98,73,122,79,110,92,102],[113,88,105,94,76,118,82],[72,121,85,109,91,101,97]],
    hierarchy: { usurper:72, guide:124, mystery:196, adjuster:676, leader:2028, regulator:2704, genGov:5408, highOverseer:670592 },
    angelArabic: { usurper:31, guide:83, mystery:155, adjuster:635, leader:1987, regulator:2663, genGov:5367, highOverseer:670551 },
    angelHebrew: { usurper:41, guide:93, mystery:165, adjuster:645, leader:1997, regulator:2673, genGov:5377, highOverseer:670561 },
    jinnArabic:  { usurper:113, guide:165, mystery:237, adjuster:357, leader:1709, regulator:2385, genGov:5089, highOverseer:670273 },
    jinnHebrew:  { usurper:103, guide:155, mystery:227, adjuster:347, leader:1699, regulator:2375, genGov:5079, highOverseer:670263 },
  },
  mercurySquare: {
    fire:  [[53,69,114,98,87,103,84,68],[61,77,106,90,95,111,76,60],[104,88,67,83,70,54,97,113],[112,96,59,75,78,62,89,105],[82,66,85,101,116,100,55,71],[74,58,93,109,108,92,63,79],[99,115,72,56,65,81,102,86],[91,107,80,64,57,73,110,94]],
    earth: [[91,99,74,82,112,104,61,53],[107,115,58,66,96,88,77,69],[80,72,93,85,59,67,106,114],[64,56,109,101,75,83,90,98],[57,65,108,116,78,70,95,87],[73,81,92,100,62,54,111,103],[110,102,63,55,89,97,76,84],[94,86,79,71,105,113,60,68]],
    air:   [[94,110,73,57,64,80,107,91],[86,102,81,65,56,72,115,99],[79,63,92,108,109,93,58,74],[71,55,100,116,101,85,66,82],[105,89,62,78,75,59,96,112],[113,97,54,70,83,67,88,104],[60,76,111,95,90,106,77,61],[68,84,103,87,98,114,69,53]],
    water: [[68,60,113,105,71,79,86,94],[84,76,97,89,55,63,102,110],[103,111,54,62,100,92,81,73],[87,95,70,78,116,108,65,57],[98,90,83,75,101,109,56,64],[114,106,67,59,85,93,72,80],[69,77,88,96,66,58,115,107],[53,61,104,112,82,74,99,91]],
    hierarchy: { usurper:53, guide:116, mystery:169, adjuster:676, leader:2028, regulator:2704, genGov:5408, highOverseer:627328 },
    angelArabic: { usurper:12, guide:75, mystery:128, adjuster:635, leader:1987, regulator:2663, genGov:5367, highOverseer:627287 },
    angelHebrew: { usurper:22, guide:85, mystery:138, adjuster:645, leader:1997, regulator:2673, genGov:5377, highOverseer:627297 },
    jinnArabic:  { usurper:94, guide:157, mystery:210, adjuster:357, leader:1709, regulator:2385, genGov:5089, highOverseer:627009 },
    jinnHebrew:  { usurper:84, guide:147, mystery:200, adjuster:347, leader:1699, regulator:2375, genGov:5079, highOverseer:626999 },
  },
  moonSquare: {
    fire:  [[79,92,54,63,116,47,83,99,43],[39,82,104,59,75,91,46,68,112],[108,51,67,103,35,87,96,58,71],[106,38,81,90,61,74,111,45,70],[66,110,50,86,102,37,73,95,57],[53,78,94,49,62,115,42,85,98],[52,65,109,36,88,101,56,72,97],[93,55,77,114,48,64,100,41,84],[80,105,40,76,89,60,69,113,44]],
    earth: [[43,112,71,70,57,98,97,84,44],[99,68,58,45,95,85,72,41,113],[83,46,96,111,73,42,56,100,69],[47,91,87,74,37,115,101,64,60],[116,75,35,61,102,62,88,48,89],[63,59,103,90,86,49,36,114,76],[54,104,67,81,50,94,109,77,40],[92,82,51,38,110,78,65,55,105],[79,39,108,106,66,53,52,93,80]],
    air:   [[44,113,69,60,89,76,40,105,80],[84,41,100,64,48,114,77,55,93],[97,72,56,101,88,36,109,65,52],[98,85,42,115,62,49,94,78,53],[57,95,73,37,102,86,50,110,66],[70,45,111,74,61,90,81,38,106],[71,58,96,87,35,103,67,51,108],[112,68,46,91,75,59,104,82,39],[43,99,83,47,116,63,54,92,79]],
    water: [[80,93,52,53,66,106,108,39,79],[105,55,65,78,110,38,51,82,92],[40,77,109,94,50,81,67,104,54],[76,114,36,49,86,90,103,59,63],[89,48,88,62,102,61,35,75,116],[60,64,101,115,37,74,87,91,47],[69,100,56,42,73,111,96,46,83],[113,41,72,85,95,45,58,68,99],[44,84,97,98,57,70,71,112,43]],
    hierarchy: { usurper:35, guide:116, mystery:151, adjuster:676, leader:2028, regulator:2704, genGov:5408, highOverseer:627328 },
    angelArabic: { usurper:354, guide:75, mystery:110, adjuster:635, leader:1987, regulator:2663, genGov:5367, highOverseer:627287 },
    angelHebrew: { usurper:4, guide:85, mystery:120, adjuster:645, leader:1997, regulator:2673, genGov:5377, highOverseer:627297 },
    jinnArabic:  { usurper:76, guide:157, mystery:192, adjuster:357, leader:1709, regulator:2385, genGov:5089, highOverseer:627009 },
    jinnHebrew:  { usurper:66, guide:147, mystery:182, adjuster:347, leader:1699, regulator:2375, genGov:5079, highOverseer:626999 },
  },
  saturnSquare: {
    fire:  [[18,36,43,81,72,111,65,57,89,104],[29,93,86,77,113,102,20,62,48,46],[44,49,73,112,103,88,37,25,66,79],[50,75,110,105,38,84,92,33,22,67],[63,109,107,42,53,76,80,90,35,21],[70,27,28,95,83,59,55,45,100,114],[82,64,24,31,97,52,40,101,117,68],[96,85,60,19,30,47,98,116,71,54],[106,39,51,58,26,34,115,69,87,91],[118,99,94,56,61,23,74,78,41,32]],
    earth: [[118,106,96,82,70,63,50,44,29,18],[99,39,85,64,27,109,75,49,93,36],[94,51,60,24,28,107,110,73,86,43],[56,58,19,31,95,42,105,112,77,81],[61,26,30,97,83,53,38,103,113,72],[23,34,47,52,59,76,84,88,102,111],[74,115,98,40,55,80,92,37,20,65],[78,69,116,101,45,90,33,25,62,57],[41,87,71,117,100,35,22,66,48,89],[32,91,54,68,114,21,67,79,46,104]],
    air:   [[32,41,78,74,23,61,56,94,99,118],[91,87,69,115,34,26,58,51,39,106],[54,71,116,98,47,30,19,60,85,96],[68,117,101,40,52,97,31,24,64,82],[114,100,45,55,59,83,95,28,27,70],[21,35,90,80,76,53,42,107,109,63],[67,22,33,92,84,38,105,110,75,50],[79,66,25,37,88,103,112,73,49,44],[46,48,62,20,102,113,77,86,93,29],[104,89,57,65,111,72,81,43,36,18]],
    water: [[104,46,79,67,21,114,68,54,91,32],[89,48,66,22,35,100,117,71,87,41],[57,62,25,33,90,45,101,116,69,78],[65,20,37,92,80,55,40,98,115,74],[111,102,88,84,76,59,52,47,34,23],[72,113,103,38,53,83,97,30,26,61],[81,77,112,105,42,95,31,19,58,56],[43,86,73,110,107,28,24,60,51,94],[36,93,49,75,109,27,64,85,39,99],[18,29,44,50,63,70,82,96,106,118]],
    hierarchy: { usurper:18, guide:118, mystery:136, adjuster:676, leader:2028, regulator:2704, genGov:5408, highOverseer:638144 },
    angelArabic: { usurper:337, guide:77, mystery:95, adjuster:635, leader:1987, regulator:2663, genGov:5367, highOverseer:638103 },
    angelHebrew: { usurper:347, guide:87, mystery:105, adjuster:645, leader:1997, regulator:2673, genGov:5377, highOverseer:638113 },
    jinnArabic:  { usurper:59, guide:159, mystery:177, adjuster:357, leader:1709, regulator:2385, genGov:5089, highOverseer:637825 },
    jinnHebrew:  { usurper:49, guide:149, mystery:167, adjuster:347, leader:1699, regulator:2375, genGov:5079, highOverseer:637815 },
  },
};

// ─────────────────────────────────────────────────────────────────────────────
//  SECTION E — LORD OF TRIPLICITY BY NIGHT: POLAYAN (171)
//  pp.579–583
// ─────────────────────────────────────────────────────────────────────────────
export const AQUARIUS_POLAYAN = {
  name: "Lord of Triplicity by Night: Polayan", hebrewValue: 171,
  gridSize: 3, planet: "Saturn",
  hebrewSquare: { numerical: [[79,31,14,47],[13,48,78,32],[29,81,49,12]] },
  saturnSquare: {
    fire:  [[58,53,60],[59,57,55],[54,61,56]],
    earth: [[54,59,58],[61,57,53],[56,55,60]],
    air:   [[56,61,54],[55,57,59],[60,53,58]],
    water: [[60,55,56],[53,57,61],[58,59,54]],
    hierarchy: { usurper:53, guide:61, mystery:114, adjuster:171, leader:513, regulator:684, genGov:1368, highOverseer:83448 },
    angelArabic: { usurper:12, guide:20, mystery:73, adjuster:130, leader:472, regulator:643, genGov:1327, highOverseer:83407 },
    angelHebrew: { usurper:22, guide:30, mystery:83, adjuster:140, leader:482, regulator:653, genGov:1337, highOverseer:83417 },
    jinnArabic:  { usurper:94, guide:102, mystery:155, adjuster:212, leader:194, regulator:365, genGov:1049, highOverseer:83129 },
    jinnHebrew:  { usurper:84, guide:92, mystery:145, adjuster:202, leader:184, regulator:355, genGov:1039, highOverseer:83119 },
  },
  jupiterSquare: {
    fire:  [[35,46,40,50],[49,41,43,38],[45,36,51,39],[42,48,37,44]],
    earth: [[42,45,49,35],[48,36,41,46],[37,51,43,40],[44,39,38,50]],
    air:   [[44,37,48,42],[39,51,36,45],[38,43,41,49],[50,40,46,35]],
    water: [[50,38,39,44],[40,43,51,37],[46,41,36,48],[35,49,45,42]],
    hierarchy: { usurper:35, guide:51, mystery:86, adjuster:1368, leader:4104, regulator:5472, genGov:10944, highOverseer:558144 },
    angelArabic: { usurper:354, guide:10, mystery:45, adjuster:1327, leader:4063, regulator:5431, genGov:10903, highOverseer:558103 },
    angelHebrew: { usurper:4, guide:20, mystery:55, adjuster:1337, leader:4073, regulator:5441, genGov:10913, highOverseer:558113 },
    jinnArabic:  { usurper:76, guide:92, mystery:127, adjuster:1049, leader:3785, regulator:5153, genGov:10625, highOverseer:557825 },
    jinnHebrew:  { usurper:66, guide:82, mystery:117, adjuster:1039, leader:3775, regulator:5143, genGov:10615, highOverseer:557815 },
  },
  marsSquare: {
    fire:  [[22,47,40,34,28],[35,29,23,43,41],[44,37,36,30,24],[31,25,45,38,32],[39,33,27,26,46]],
    air:   [[39,31,44,35,22],[33,25,37,29,47],[27,45,36,23,40],[26,38,30,43,34],[46,32,24,41,28]],
    earth: [[46,26,27,33,39],[32,38,45,25,31],[24,30,36,37,44],[41,43,23,29,35],[28,34,40,47,22]],
    water: [[28,41,24,32,46],[34,43,30,38,26],[40,23,36,45,27],[47,29,37,25,33],[22,35,44,31,39]],
    hierarchy: { usurper:22, guide:47, mystery:69, adjuster:171, leader:513, regulator:684, genGov:1368, highOverseer:64296 },
    angelArabic: { usurper:341, guide:6, mystery:28, adjuster:130, leader:472, regulator:643, genGov:1327, highOverseer:64255 },
    angelHebrew: { usurper:351, guide:16, mystery:38, adjuster:140, leader:482, regulator:653, genGov:1337, highOverseer:64265 },
    jinnArabic:  { usurper:63, guide:88, mystery:110, adjuster:212, leader:194, regulator:365, genGov:1049, highOverseer:63977 },
    jinnHebrew:  { usurper:53, guide:78, mystery:100, adjuster:202, leader:184, regulator:355, genGov:1039, highOverseer:63967 },
  },
  sunSquare: {
    fire:  [[11,22,42,28,32,36],[17,27,38,41,15,33],[23,45,31,21,37,14],[34,13,24,39,18,43],[40,29,20,12,44,26],[46,35,16,30,25,19]],
    earth: [[46,40,34,23,17,11],[35,29,13,45,27,22],[16,20,24,31,38,42],[30,12,39,21,41,28],[25,44,18,37,15,32],[19,26,43,14,33,36]],
    air:   [[19,25,30,16,35,46],[26,44,12,20,29,40],[43,18,39,24,13,34],[14,37,21,31,45,23],[33,15,41,38,27,17],[36,32,28,42,22,11]],
    water: [[36,33,14,43,26,19],[32,15,37,18,44,25],[28,41,21,39,12,30],[42,38,31,24,20,16],[22,27,45,13,29,35],[11,17,23,34,40,46]],
    hierarchy: { usurper:11, guide:46, mystery:57, adjuster:171, leader:513, regulator:684, genGov:1368, highOverseer:62928 },
    angelArabic: { usurper:330, guide:5, mystery:16, adjuster:130, leader:472, regulator:643, genGov:1327, highOverseer:62887 },
    angelHebrew: { usurper:340, guide:15, mystery:26, adjuster:140, leader:482, regulator:653, genGov:1337, highOverseer:62897 },
    jinnArabic:  { usurper:52, guide:87, mystery:98, adjuster:212, leader:194, regulator:365, genGov:1049, highOverseer:62609 },
    jinnHebrew:  { usurper:42, guide:77, mystery:88, adjuster:202, leader:184, regulator:355, genGov:1039, highOverseer:62599 },
  },
};

// ─────────────────────────────────────────────────────────────────────────────
//  SECTION F — ANGEL OF FIRST DECANATE: SASPAM (240)
//  pp.584–588
// ─────────────────────────────────────────────────────────────────────────────
export const AQUARIUS_SASPAM = {
  name: "Angel of First Decanate: Saspam", hebrewValue: 240,
  gridSize: 3, planet: "Saturn",
  hebrewSquare: { numerical: [[59,61,83,37],[82,38,58,62],[59,61,39,81]] },
  saturnSquare: {
    fire:  [[81,76,83],[82,80,78],[77,84,79]],
    earth: [[77,82,81],[84,80,76],[79,78,83]],
    air:   [[79,84,77],[78,80,82],[83,76,81]],
    water: [[83,78,79],[76,80,84],[81,82,77]],
    hierarchy: { usurper:76, guide:84, mystery:160, adjuster:240, leader:720, regulator:960, genGov:1920, highOverseer:161280 },
    angelArabic: { usurper:35, guide:43, mystery:119, adjuster:199, leader:679, regulator:919, genGov:1879, highOverseer:161239 },
    angelHebrew: { usurper:45, guide:53, mystery:129, adjuster:209, leader:689, regulator:929, genGov:1889, highOverseer:161249 },
    jinnArabic:  { usurper:117, guide:125, mystery:201, adjuster:281, leader:401, regulator:641, genGov:1601, highOverseer:160961 },
    jinnHebrew:  { usurper:107, guide:115, mystery:191, adjuster:271, leader:391, regulator:631, genGov:1591, highOverseer:160951 },
  },
  jupiterSquare: {
    fire:  [[52,63,57,68],[67,58,60,55],[62,53,69,56],[59,66,54,61]],
    earth: [[59,62,67,52],[66,53,58,63],[54,69,60,57],[61,56,55,68]],
    air:   [[61,54,66,59],[56,69,53,62],[55,60,58,67],[68,57,63,52]],
    water: [[68,55,56,61],[57,60,69,54],[63,58,53,66],[52,67,62,59]],
    hierarchy: { usurper:52, guide:69, mystery:121, adjuster:1920, leader:5760, regulator:7680, genGov:15360, highOverseer:1059840 },
    angelArabic: { usurper:11, guide:28, mystery:80, adjuster:1879, leader:5719, regulator:7639, genGov:15319, highOverseer:1059799 },
    angelHebrew: { usurper:21, guide:38, mystery:90, adjuster:1889, leader:5729, regulator:7649, genGov:15329, highOverseer:1059809 },
    jinnArabic:  { usurper:93, guide:110, mystery:162, adjuster:1601, leader:5441, regulator:7361, genGov:15041, highOverseer:1059521 },
    jinnHebrew:  { usurper:83, guide:100, mystery:152, adjuster:1591, leader:5431, regulator:7351, genGov:15031, highOverseer:1059511 },
  },
  marsSquare: {
    fire:  [[36,60,54,48,42],[49,43,37,56,55],[57,51,50,44,38],[45,39,58,52,46],[53,47,41,40,59]],
    air:   [[53,45,57,49,36],[47,39,51,43,60],[41,58,50,37,54],[40,52,44,56,48],[59,46,38,55,42]],
    earth: [[59,40,41,47,53],[46,52,58,39,45],[38,44,50,51,57],[55,56,37,43,49],[42,48,54,60,36]],
    water: [[42,55,38,46,59],[48,56,44,52,40],[54,37,50,58,41],[60,43,51,39,47],[36,49,57,45,53]],
    hierarchy: { usurper:36, guide:60, mystery:96, adjuster:240, leader:720, regulator:960, genGov:1920, highOverseer:115200 },
    angelArabic: { usurper:355, guide:19, mystery:55, adjuster:199, leader:679, regulator:919, genGov:1879, highOverseer:115159 },
    angelHebrew: { usurper:5, guide:29, mystery:65, adjuster:209, leader:689, regulator:929, genGov:1889, highOverseer:115169 },
    jinnArabic:  { usurper:77, guide:101, mystery:137, adjuster:281, leader:401, regulator:641, genGov:1601, highOverseer:114881 },
    jinnHebrew:  { usurper:67, guide:91, mystery:127, adjuster:271, leader:391, regulator:631, genGov:1591, highOverseer:114871 },
  },
  sunSquare_variant2: {
    // usurper=22 — page 586 second table
    hierarchy: { usurper:22, guide:60, mystery:82, adjuster:240, leader:720, regulator:960, genGov:1920, highOverseer:115200 },
    angelArabic: { usurper:341, guide:19, mystery:41, adjuster:199, leader:679, regulator:919, genGov:1879, highOverseer:115159 },
    angelHebrew: { usurper:351, guide:29, mystery:51, adjuster:209, leader:689, regulator:929, genGov:1889, highOverseer:115169 },
    jinnArabic:  { usurper:63, guide:101, mystery:123, adjuster:281, leader:401, regulator:641, genGov:1601, highOverseer:114881 },
    jinnHebrew:  { usurper:53, guide:91, mystery:113, adjuster:271, leader:391, regulator:631, genGov:1591, highOverseer:114871 },
  },
  venusSquare: {
    fire:  [[10,51,36,21,41,56,25],[57,26,11,45,37,22,42],[23,43,58,27,12,46,31],[47,32,17,44,59,28,13],[29,14,48,33,18,38,60],[39,54,30,15,49,34,19],[35,20,40,55,24,16,50]],
    earth: [[35,39,29,47,23,57,10],[20,54,14,32,43,26,51],[40,30,48,17,58,11,36],[55,15,33,44,27,45,21],[24,49,18,59,12,37,41],[16,34,38,28,46,22,56],[50,19,60,13,31,42,25]],
    air:   [[50,16,24,55,40,20,35],[19,34,49,15,30,54,39],[60,38,18,33,48,14,29],[13,28,59,44,17,32,47],[31,46,12,27,58,43,23],[42,22,37,45,11,26,57],[25,56,41,21,36,51,10]],
    water: [[25,42,31,13,60,19,50],[56,22,46,28,38,34,16],[41,37,12,59,18,49,24],[21,45,27,44,33,15,55],[36,11,58,17,48,30,40],[51,26,43,32,14,54,20],[10,57,23,47,29,39,35]],
    hierarchy: { usurper:10, guide:60, mystery:70, adjuster:240, leader:720, regulator:960, genGov:1920, highOverseer:115200 },
    angelArabic: { usurper:329, guide:19, mystery:29, adjuster:199, leader:679, regulator:919, genGov:1879, highOverseer:115159 },
    angelHebrew: { usurper:339, guide:29, mystery:39, adjuster:209, leader:689, regulator:929, genGov:1889, highOverseer:115169 },
    jinnArabic:  { usurper:51, guide:101, mystery:111, adjuster:281, leader:401, regulator:641, genGov:1601, highOverseer:114881 },
    jinnHebrew:  { usurper:41, guide:91, mystery:101, adjuster:271, leader:391, regulator:631, genGov:1591, highOverseer:114871 },
  },
};

// ─────────────────────────────────────────────────────────────────────────────
//  SECTION G — QUINANCE AND DECANATE ANGELS OF AQUARIUS (pp.588–600)
// ─────────────────────────────────────────────────────────────────────────────
export const AQUARIUS_QUINANCE_ANGELS = [
  {
    name: "Angel of First Quinance: Aniel", hebrewValue: 92,
    gridSize: 4, planet: "Jupiter",
    hebrewSquare: { numerical: [[50,11,4,27],[3,28,49,12],[9,52,29,2]] },
    jupiterSquare: {
      fire:  [[15,26,20,31],[30,21,23,18],[25,16,32,19],[22,29,17,24]],
      earth: [[22,25,30,15],[29,16,21,26],[17,32,23,20],[24,19,18,31]],
      air:   [[24,17,29,22],[19,32,16,25],[18,23,21,30],[31,20,26,15]],
      water: [[31,18,19,24],[20,23,32,17],[26,21,16,29],[15,30,25,22]],
      hierarchy: { usurper:15, guide:32, mystery:47, adjuster:736, leader:2208, regulator:2944, genGov:5888, highOverseer:188416 },
      angelArabic: { usurper:334, guide:351, mystery:6, adjuster:695, leader:2167, regulator:2903, genGov:5847, highOverseer:188375 },
      angelHebrew: { usurper:344, guide:1, mystery:16, adjuster:705, leader:2177, regulator:2913, genGov:5857, highOverseer:188385 },
      jinnArabic:  { usurper:56, guide:73, mystery:88, adjuster:417, leader:1889, regulator:2625, genGov:5569, highOverseer:188097 },
      jinnHebrew:  { usurper:46, guide:63, mystery:78, adjuster:407, leader:1879, regulator:2615, genGov:5559, highOverseer:188087 },
    },
    marsSquare: {
      fire:  [[6,32,24,18,12],[19,13,7,28,25],[29,21,20,14,8],[15,9,30,22,16],[23,17,11,10,31]],
      air:   [[23,15,29,19,6],[17,9,21,13,32],[11,30,20,7,24],[10,22,14,28,18],[31,16,8,25,12]],
      earth: [[31,10,11,17,23],[16,22,30,9,15],[8,14,20,21,29],[25,28,7,13,19],[12,18,24,32,6]],
      water: [[12,25,8,16,31],[18,28,14,22,10],[24,7,20,30,11],[32,13,21,9,17],[6,19,29,15,23]],
      hierarchy: { usurper:6, guide:32, mystery:38, adjuster:92, leader:276, regulator:368, genGov:736, highOverseer:23552 },
