// ═══════════════════════════════════════════════════════════════════════════
//  PERMANENT BOOK KNOWLEDGE DATABASE — PART 3
//  Source: "The Occult Encyclopedia of Magick Squares"
//  PDF Pages: 259–309 (51 pages)
//  Covers: Leo chapter (continuation, pp.259–302) + Virgo chapter start (pp.303–309)
//  Date Added: 2026-06-07
// ═══════════════════════════════════════════════════════════════════════════

// ─────────────────────────────────────────────────────────────────────────────
//  SECTION A — LEO CHAPTER: ANGEL SHARATIEL (550) — FULL MULTI-PLANET DATA
//  pp.259–278  (Leo Angel Sharatiel continuation)
//  Adjuster = 550, Leader = 1650, Regulator = 2200, GenGov = 4400
//  High Overseer varies by usurper/planet
// ─────────────────────────────────────────────────────────────────────────────
export const LEO_SHARATIEL_PLANETARY = [
  // Jupiter 4×4 — covered in Part 2 (p.259): usurper=130
  // Mars 5×5 (p.260)
  {
    planet: "Mars", gridSize: 5, entity: "Sharatiel (550)",
    squares: {
      fire:  [[98,122,116,110,104],[111,105,99,118,117],[119,113,112,106,100],[107,101,120,114,108],[115,109,103,102,121]],
      air:   [[115,107,119,111,98],[109,101,113,105,122],[103,120,112,99,116],[102,114,106,118,110],[121,108,100,117,104]],
      earth: [[121,102,103,109,115],[108,114,120,101,107],[100,106,112,113,119],[117,118,99,105,111],[104,110,116,122,98]],
      water: [[104,117,100,108,121],[110,118,106,114,102],[116,99,112,120,103],[122,105,113,101,109],[98,111,119,107,115]],
    },
    hierarchy: { usurper:98, guide:122, mystery:220, adjuster:550, leader:1650, regulator:2200, genGov:4400, highOverseer:536800 },
    angelArabic: { usurper:57, guide:81, mystery:179, adjuster:509, leader:1609, regulator:2159, genGov:4359, highOverseer:536759 },
    angelHebrew: { usurper:67, guide:91, mystery:189, adjuster:519, leader:1619, regulator:2169, genGov:4369, highOverseer:536769 },
    jinnArabic:  { usurper:139, guide:163, mystery:261, adjuster:231, leader:1331, regulator:1881, genGov:4081, highOverseer:536481 },
    jinnHebrew:  { usurper:129, guide:153, mystery:251, adjuster:221, leader:1321, regulator:1871, genGov:4071, highOverseer:536471 },
    page: "260",
  },
  // Sun 6×6 (pp.260–261): two variants shown
  {
    planet: "Sun", gridSize: 6, entity: "Sharatiel (550)", variant: "A",
    squares: {
      fire:  [[74,85,106,91,95,99],[80,90,101,105,78,96],[86,109,94,84,100,77],[97,76,87,102,81,107],[103,92,83,75,108,89],[110,98,79,93,88,82]],
      earth: [[110,103,97,86,80,74],[98,92,76,109,90,85],[79,83,87,94,101,106],[93,75,102,84,105,91],[88,108,81,100,78,95],[82,89,107,77,96,99]],
      air:   [[82,88,93,79,98,110],[89,108,75,83,92,103],[107,81,102,87,76,97],[77,100,84,94,109,86],[96,78,105,101,90,80],[99,95,91,106,85,74]],
      water: [[99,96,77,107,89,82],[95,78,100,81,108,88],[91,105,84,102,75,93],[106,101,94,87,83,79],[85,90,109,76,92,98],[74,80,86,97,103,110]],
    },
    hierarchy: { usurper:74, guide:110, mystery:184, adjuster:550, leader:1650, regulator:2200, genGov:4400, highOverseer:484000 },
    angelArabic: { usurper:33, guide:69, mystery:143, adjuster:509, leader:1609, regulator:2159, genGov:4359, highOverseer:483959 },
    angelHebrew: { usurper:43, guide:79, mystery:153, adjuster:519, leader:1619, regulator:2169, genGov:4369, highOverseer:483969 },
    jinnArabic:  { usurper:115, guide:151, mystery:225, adjuster:231, leader:1331, regulator:1881, genGov:4081, highOverseer:483681 },
    jinnHebrew:  { usurper:105, guide:141, mystery:215, adjuster:221, leader:1321, regulator:1871, genGov:4071, highOverseer:483671 },
    page: "261",
  },
  // Venus 7×7 (pp.261–262)
  {
    planet: "Venus", gridSize: 7, entity: "Sharatiel (550)",
    squares: {
      fire:  [[54,95,80,65,85,102,69],[103,70,55,89,81,66,86],[67,87,104,71,56,90,75],[91,76,61,88,105,72,57],[73,58,92,77,62,82,106],[83,100,74,59,93,78,63],[79,64,84,101,68,60,94]],
      earth: [[79,83,73,91,67,103,54],[64,100,58,76,87,70,95],[84,74,92,61,104,55,80],[101,59,77,88,71,89,65],[68,93,62,105,56,81,85],[60,78,82,72,90,66,102],[94,63,106,57,75,86,69]],
      air:   [[94,60,68,101,84,64,79],[63,78,93,59,74,100,83],[106,82,62,77,92,58,73],[57,72,105,88,61,76,91],[75,90,56,71,104,87,67],[86,66,81,89,55,70,103],[69,102,85,65,80,95,54]],
      water: [[69,86,75,57,106,63,94],[102,66,90,72,82,78,60],[85,81,56,105,62,93,68],[65,89,71,88,77,59,101],[80,55,104,61,92,74,84],[95,70,87,76,58,100,64],[54,103,67,91,73,83,79]],
    },
    hierarchy: { usurper:54, guide:106, mystery:160, adjuster:550, leader:1650, regulator:2200, genGov:4400, highOverseer:466400 },
    angelArabic: { usurper:13, guide:65, mystery:119, adjuster:509, leader:1609, regulator:2159, genGov:4359, highOverseer:466359 },
    angelHebrew: { usurper:23, guide:75, mystery:129, adjuster:519, leader:1619, regulator:2169, genGov:4369, highOverseer:466369 },
    jinnArabic:  { usurper:95, guide:147, mystery:201, adjuster:231, leader:1331, regulator:1881, genGov:4081, highOverseer:466081 },
    jinnHebrew:  { usurper:85, guide:137, mystery:191, adjuster:221, leader:1321, regulator:1871, genGov:4071, highOverseer:466071 },
    page: "262",
  },
  // Mercury 8×8 (pp.263–264)
  {
    planet: "Mercury", gridSize: 8, entity: "Sharatiel (550)",
    squares: {
      fire:  [[37,53,100,82,71,87,68,52],[45,61,90,74,79,97,60,44],[88,72,51,67,54,38,81,99],[98,80,43,59,62,46,73,89],[66,50,69,85,102,84,39,55],[58,42,77,95,92,76,47,63],[83,101,56,40,49,65,86,70],[75,91,64,48,41,57,96,78]],
      earth: [[75,83,58,66,98,88,45,37],[91,101,42,50,80,72,61,53],[64,56,77,69,43,51,90,100],[48,40,95,85,59,67,74,82],[41,49,92,102,62,54,79,71],[57,65,76,84,46,38,97,87],[96,86,47,39,73,81,60,68],[78,70,63,55,89,99,44,52]],
      air:   [[78,96,57,41,48,64,91,75],[70,86,65,49,40,56,101,83],[63,47,76,92,95,77,42,58],[55,39,84,102,85,69,50,66],[89,73,46,62,59,43,80,98],[99,81,38,54,67,51,72,88],[44,60,97,79,74,90,61,45],[52,68,87,71,82,100,53,37]],
      water: [[52,44,99,89,55,63,70,78],[68,60,81,73,39,47,86,96],[87,97,38,46,84,76,65,57],[71,79,54,62,102,92,49,41],[82,74,67,59,85,95,40,48],[100,90,51,43,69,77,56,64],[53,61,72,80,50,42,101,91],[37,45,88,98,66,58,83,75]],
    },
    hierarchy: { usurper:37, guide:102, mystery:139, adjuster:550, leader:1650, regulator:2200, genGov:4400, highOverseer:448800 },
    angelArabic: { usurper:356, guide:61, mystery:98, adjuster:509, leader:1609, regulator:2159, genGov:4359, highOverseer:448759 },
    angelHebrew: { usurper:6, guide:71, mystery:108, adjuster:519, leader:1619, regulator:2169, genGov:4369, highOverseer:448769 },
    jinnArabic:  { usurper:78, guide:143, mystery:180, adjuster:231, leader:1331, regulator:1881, genGov:4081, highOverseer:448481 },
    jinnHebrew:  { usurper:68, guide:133, mystery:170, adjuster:221, leader:1321, regulator:1871, genGov:4071, highOverseer:448471 },
    page: "264",
  },
  // Moon 9×9 (pp.264–265) — two variants
  {
    planet: "Moon", gridSize: 9, entity: "Sharatiel (550)", variant: "A",
    squares: {
      fire:  [[65,78,40,49,102,33,69,85,29],[25,68,90,45,61,77,32,54,98],[94,37,53,89,21,73,82,44,57],[92,24,67,76,47,60,97,31,56],[52,96,36,72,88,23,59,81,43],[39,64,80,35,48,101,28,71,84],[38,51,95,22,74,87,42,58,83],[79,41,63,100,34,50,86,27,70],[66,91,26,62,75,46,55,99,30]],
      earth: [[29,98,57,56,43,84,83,70,30],[85,54,44,31,81,71,58,27,99],[69,32,82,97,59,28,42,86,55],[33,77,73,60,23,101,87,50,46],[102,61,21,47,88,48,74,34,75],[49,45,89,76,72,35,22,100,62],[40,90,53,67,36,80,95,63,26],[78,68,37,24,96,64,51,41,91],[65,25,94,92,52,39,38,79,66]],
      air:   [[30,99,55,46,75,62,26,91,66],[70,27,86,50,34,100,63,41,79],[83,58,42,87,74,22,95,51,38],[84,71,28,101,48,35,80,64,39],[43,81,59,23,88,72,36,96,52],[56,31,97,60,47,76,67,24,92],[57,44,82,73,21,89,53,37,94],[98,54,32,77,61,45,90,68,25],[29,85,69,33,102,49,40,78,65]],
      water: [[66,79,38,39,52,92,94,25,65],[91,41,51,64,96,24,37,68,78],[26,63,95,80,36,67,53,90,40],[62,100,22,35,72,76,89,45,49],[75,34,74,48,88,47,21,61,102],[46,50,87,101,23,60,73,77,33],[55,86,42,28,59,97,82,32,69],[99,27,58,71,81,31,44,54,85],[30,70,83,84,43,56,57,98,29]],
    },
    hierarchy: { usurper:21, guide:102, mystery:123, adjuster:550, leader:1650, regulator:2200, genGov:4400, highOverseer:448800 },
    angelArabic: { usurper:340, guide:61, mystery:82, adjuster:509, leader:1609, regulator:2159, genGov:4359, highOverseer:448759 },
    angelHebrew: { usurper:350, guide:71, mystery:92, adjuster:519, leader:1619, regulator:2169, genGov:4369, highOverseer:448769 },
    jinnArabic:  { usurper:62, guide:143, mystery:164, adjuster:231, leader:1331, regulator:1881, genGov:4081, highOverseer:448481 },
    jinnHebrew:  { usurper:52, guide:133, mystery:154, adjuster:221, leader:1321, regulator:1871, genGov:4071, highOverseer:448471 },
    page: "265",
  },
  // Saturn 10×10 (pp.266–267) — two variants
  {
    planet: "Saturn", gridSize: 10, entity: "Sharatiel (550)", variant: "A",
    squares: {
      fire:  [[5,23,30,68,59,102,52,44,76,91],[16,80,73,64,104,89,7,49,35,33],[31,36,60,103,90,75,24,12,53,66],[37,62,101,92,25,71,79,20,9,54],[50,100,94,29,40,63,67,77,22,8],[57,14,15,82,70,46,42,32,87,105],[69,51,11,18,84,39,27,88,108,55],[83,72,47,6,17,34,85,107,58,41],[93,26,38,45,13,21,106,56,74,78],[109,86,81,43,48,10,61,65,28,19]],
      earth: [[109,93,83,69,57,50,37,31,16,5],[86,26,72,51,14,100,62,36,80,23],[81,38,47,11,15,94,101,60,73,30],[43,45,6,18,82,29,92,103,64,68],[48,13,17,84,70,40,25,90,104,59],[10,21,34,39,46,63,71,75,89,102],[61,106,85,27,42,67,79,24,7,52],[65,56,107,88,32,77,20,12,49,44],[28,74,58,108,87,22,9,53,35,76],[19,78,41,55,105,8,54,66,33,91]],
      air:   [[19,28,65,61,10,48,43,81,86,109],[78,74,56,106,21,13,45,38,26,93],[41,58,107,85,34,17,6,47,72,83],[55,108,88,27,39,84,18,11,51,69],[105,87,32,42,46,70,82,15,14,57],[8,22,77,67,63,40,29,94,100,50],[54,9,20,79,71,25,92,101,62,37],[66,53,12,24,75,90,103,60,36,31],[33,35,49,7,89,104,64,73,80,16],[91,76,44,52,102,59,68,30,23,5]],
      water: [[91,33,66,54,8,105,55,41,78,19],[76,35,53,9,22,87,108,58,74,28],[44,49,12,20,77,32,88,107,56,65],[52,7,24,79,67,42,27,85,106,61],[102,89,75,71,63,46,39,34,31,10],[59,104,90,25,40,70,84,17,13,48],[68,64,103,92,29,82,18,6,45,43],[30,73,60,101,94,15,11,47,38,81],[23,80,36,62,100,14,51,72,26,86],[5,16,31,37,50,57,69,83,93,109]],
    },
    hierarchy: { usurper:5, guide:109, mystery:114, adjuster:550, leader:1650, regulator:2200, genGov:4400, highOverseer:479600 },
    angelArabic: { usurper:324, guide:68, mystery:73, adjuster:509, leader:1609, regulator:2159, genGov:4359, highOverseer:479559 },
    angelHebrew: { usurper:324, guide:68, mystery:73, adjuster:509, leader:1609, regulator:2159, genGov:4359, highOverseer:479559 },
    jinnArabic:  { usurper:46, guide:150, mystery:155, adjuster:231, leader:1331, regulator:1881, genGov:4081, highOverseer:479281 },
    jinnHebrew:  { usurper:36, guide:140, mystery:145, adjuster:221, leader:1321, regulator:1871, genGov:4071, highOverseer:479271 },
    page: "267",
    note: "p.267: Usurper 5, Guide 109 for 10×10 Saturn. Angel Arabic=Hebrew=324/68 (unusual equality).",
  },
];

// ─────────────────────────────────────────────────────────────────────────────
//  SECTION B — LEO: LORD OF TRIPLICITY BY DAY: SANAHEM (155)
//  pp.267–270
// ─────────────────────────────────────────────────────────────────────────────
export const LEO_SANAHEM = {
  name: "Lord of Triplicity by Day: Sanahem", hebrewValue: 155,
  gridSize: 4, planet: "Jupiter",
  hebrewSquare: { numerical: [[59,51,8,37],[7,38,58,52],[49,61,39,6]] },
  squares: {
    fire:  [[31,42,36,46],[45,37,39,34],[41,32,47,35],[38,44,33,40]],
    air:   [[40,33,44,38],[35,47,32,41],[34,39,37,45],[46,36,42,31]],
    earth: [[38,41,45,31],[44,32,37,42],[33,47,39,36],[40,35,34,46]],
    water: [[46,34,35,40],[36,39,47,33],[42,37,32,44],[31,45,41,38]],
  },
  hierarchy: { usurper:31, guide:47, mystery:78, adjuster:1240, leader:3720, regulator:4960, genGov:9920, highOverseer:466240 },
  angelArabic: { usurper:350, guide:6, mystery:37, adjuster:1199, leader:3679, regulator:4919, genGov:9879, highOverseer:466199 },
  angelHebrew: { usurper:360, guide:16, mystery:47, adjuster:1209, leader:3689, regulator:4929, genGov:9889, highOverseer:466209 },
  jinnArabic:  { usurper:72, guide:88, mystery:119, adjuster:921, leader:3401, regulator:4641, genGov:9601, highOverseer:465921 },
  jinnHebrew:  { usurper:62, guide:78, mystery:109, adjuster:911, leader:3391, regulator:4631, genGov:9591, highOverseer:465911 },
  page: "268",
  marsSquare5x5: {
    fire:  [[19,43,37,31,25],[32,26,20,39,38],[40,34,33,27,21],[28,22,41,35,29],[36,30,24,23,42]],
    air:   [[36,28,40,32,19],[30,22,34,26,43],[24,41,33,20,37],[23,35,27,39,31],[42,29,21,38,25]],
    earth: [[42,23,24,30,36],[29,35,41,22,28],[21,27,33,34,40],[38,39,20,26,32],[25,31,37,43,19]],
    water: [[25,38,21,29,42],[31,39,27,35,23],[37,20,33,41,24],[43,26,34,22,30],[19,32,40,28,36]],
    hierarchy: { usurper:19, guide:43, mystery:62, adjuster:155, leader:465, regulator:620, genGov:1240, highOverseer:53320 },
    angelArabic: { usurper:338, guide:2, mystery:21, adjuster:114, leader:424, regulator:579, genGov:1199, highOverseer:53279 },
    angelHebrew: { usurper:348, guide:12, mystery:31, adjuster:124, leader:434, regulator:589, genGov:1209, highOverseer:53289 },
    jinnArabic:  { usurper:60, guide:84, mystery:103, adjuster:196, leader:146, regulator:301, genGov:921, highOverseer:53001 },
    jinnHebrew:  { usurper:50, guide:74, mystery:93, adjuster:186, leader:136, regulator:291, genGov:911, highOverseer:52991 },
  },
  sunSquare6x6: {
    fire:  [[8,19,41,25,29,33],[14,24,35,40,12,30],[20,44,28,18,34,11],[31,10,21,36,15,42],[37,26,17,9,43,23],[45,32,13,27,22,16]],
    air:   [[16,22,27,13,32,45],[23,43,9,17,26,37],[42,15,36,21,10,31],[11,34,18,28,44,20],[30,12,40,35,24,14],[33,29,25,41,19,8]],
    earth: [[45,37,31,20,14,8],[32,26,10,44,24,19],[13,17,21,28,35,41],[27,9,36,18,40,25],[22,43,15,34,12,29],[16,23,42,11,30,33]],
    water: [[33,30,11,42,23,16],[29,12,34,15,43,22],[25,40,18,36,9,27],[41,35,28,21,17,13],[19,24,44,10,26,32],[8,14,20,31,37,45]],
    hierarchy: { usurper:8, guide:45, mystery:53, adjuster:155, leader:465, regulator:620, genGov:1240, highOverseer:55800 },
    angelArabic: { usurper:327, guide:4, mystery:12, adjuster:114, leader:424, regulator:579, genGov:1199, highOverseer:55759 },
    angelHebrew: { usurper:337, guide:14, mystery:22, adjuster:124, leader:434, regulator:589, genGov:1209, highOverseer:55769 },
    jinnArabic:  { usurper:49, guide:86, mystery:94, adjuster:196, leader:146, regulator:301, genGov:921, highOverseer:55481 },
    jinnHebrew:  { usurper:39, guide:76, mystery:84, adjuster:186, leader:136, regulator:291, genGov:911, highOverseer:55471 },
  },
};

// ─────────────────────────────────────────────────────────────────────────────
//  SECTION C — LEO: LORD OF TRIPLICITY BY NIGHT: ZALBARHITH (654)
//  pp.270–278
// ─────────────────────────────────────────────────────────────────────────────
export const LEO_ZALBARHITH = {
  name: "Lord of Triplicity by Night: Zalbarhith", hebrewValue: 654,
  gridSize: 3, planet: "Saturn",
  hebrewSquare: { numerical: [[36,203,18,397],[17,398,35,204],[201,38,399,16]] },
  squares: {
    fire:  [[219,214,221],[220,218,216],[215,222,217]],
    earth: [[215,220,219],[222,218,214],[217,216,221]],
    air:   [[217,222,215],[216,218,220],[221,214,219]],
    water: [[221,216,217],[214,218,222],[219,220,215]],
  },
  hierarchy: { usurper:214, guide:222, mystery:436, adjuster:654, leader:1962, regulator:2616, genGov:5232, highOverseer:1161504 },
  angelArabic: { usurper:183, guide:191, mystery:395, adjuster:613, leader:1921, regulator:2575, genGov:5191, highOverseer:1161463 },
  angelHebrew: { usurper:183, guide:191, mystery:405, adjuster:623, leader:1931, regulator:2585, genGov:5201, highOverseer:1161473 },
  jinnArabic:  { usurper:255, guide:263, mystery:117, adjuster:335, leader:1643, regulator:2297, genGov:4913, highOverseer:1161185 },
  jinnHebrew:  { usurper:245, guide:253, mystery:107, adjuster:325, leader:1633, regulator:2287, genGov:4903, highOverseer:1161175 },
  page: "270",
  jupiterSquare4x4: {
    fire:  [[156,167,161,170],[169,162,164,159],[166,157,171,160],[163,168,158,165]],
    air:   [[165,158,168,163],[160,171,157,166],[159,164,162,169],[170,161,167,156]],
    earth: [[163,166,169,156],[168,157,162,167],[158,171,164,161],[165,160,159,170]],
    water: [[170,159,160,165],[161,164,171,158],[167,162,157,168],[156,169,166,163]],
    hierarchy: { usurper:156, guide:171, mystery:327, adjuster:5232, leader:15696, regulator:20928, genGov:41856, highOverseer:7157376 },
    angelArabic: { usurper:115, guide:130, mystery:286, adjuster:5191, leader:15655, regulator:20887, genGov:41815, highOverseer:7157335 },
    angelHebrew: { usurper:125, guide:140, mystery:296, adjuster:5201, leader:15665, regulator:20897, genGov:41825, highOverseer:7157345 },
    jinnArabic:  { usurper:197, guide:212, mystery:8, adjuster:4913, leader:15377, regulator:20609, genGov:41537, highOverseer:7157057 },
    jinnHebrew:  { usurper:187, guide:202, mystery:358, adjuster:4903, leader:15367, regulator:20599, genGov:41527, highOverseer:7157047 },
  },
  marsSquare5x5: {
    fire:  [[118,146,136,130,124],[131,125,119,142,137],[143,133,132,126,120],[127,121,144,134,128],[135,129,123,122,145]],
    air:   [[135,127,143,131,118],[129,121,133,125,146],[123,144,132,119,136],[122,134,126,142,130],[145,128,120,137,124]],
    earth: [[145,122,123,129,135],[128,134,144,121,127],[120,126,132,133,143],[137,142,119,125,131],[124,130,136,146,118]],
    water: [[124,137,120,128,145],[130,142,126,134,122],[136,119,132,144,123],[146,125,133,121,129],[118,131,143,127,135]],
    hierarchy: { usurper:118, guide:146, mystery:264, adjuster:654, leader:1962, regulator:2616, genGov:5232, highOverseer:763872 },
    angelArabic: { usurper:77, guide:105, mystery:223, adjuster:613, leader:1921, regulator:2575, genGov:5191, highOverseer:763831 },
    angelHebrew: { usurper:87, guide:115, mystery:233, adjuster:623, leader:1931, regulator:2585, genGov:5201, highOverseer:763841 },
    jinnArabic:  { usurper:159, guide:187, mystery:305, adjuster:335, leader:1643, regulator:2297, genGov:4913, highOverseer:763553 },
    jinnHebrew:  { usurper:149, guide:177, mystery:295, adjuster:325, leader:1633, regulator:2287, genGov:4903, highOverseer:763543 },
  },
  sunSquare6x6: {
    fire:  [[91,102,125,108,112,116],[97,107,118,124,95,113],[103,128,111,101,117,94],[114,93,104,119,98,126],[120,109,100,92,127,106],[129,115,96,110,105,99]],
    earth: [[129,120,114,103,97,91],[115,109,93,128,107,102],[96,100,104,111,118,125],[110,92,119,101,124,108],[105,127,98,117,95,112],[99,106,126,94,113,116]],
    air:   [[99,105,110,96,115,129],[106,127,92,100,109,120],[126,98,119,104,93,114],[94,117,101,111,128,103],[113,95,124,118,107,97],[116,112,108,125,102,91]],
    water: [[116,113,94,126,106,99],[112,95,117,98,127,105],[108,124,101,119,92,110],[125,118,111,104,100,96],[102,107,128,93,109,115],[91,97,103,114,120,129]],
    hierarchy: { usurper:91, guide:129, mystery:220, adjuster:654, leader:1962, regulator:2616, genGov:5232, highOverseer:674928 },
    angelArabic: { usurper:50, guide:88, mystery:179, adjuster:613, leader:1921, regulator:2575, genGov:5191, highOverseer:674887 },
    angelHebrew: { usurper:60, guide:98, mystery:189, adjuster:623, leader:1931, regulator:2585, genGov:5201, highOverseer:674897 },
    jinnArabic:  { usurper:132, guide:170, mystery:261, adjuster:335, leader:1643, regulator:2297, genGov:4913, highOverseer:674609 },
    jinnHebrew:  { usurper:122, guide:160, mystery:251, adjuster:325, leader:1633, regulator:2287, genGov:4903, highOverseer:674599 },
  },
  venusSquare7x7: {
    fire:  [[69,110,95,80,100,116,84],[117,85,70,104,96,81,101],[82,102,118,86,71,105,90],[106,91,76,103,119,87,72],[88,73,107,92,77,97,120],[98,114,89,74,108,93,78],[94,79,99,115,83,75,109]],
    earth: [[94,98,88,106,82,117,69],[79,114,73,91,102,85,110],[99,89,107,76,118,70,95],[115,74,92,103,86,104,80],[83,108,77,119,71,96,100],[75,93,97,87,105,81,116],[109,78,120,72,90,101,84]],
    air:   [[109,75,83,115,99,79,94],[78,93,108,74,89,114,98],[120,97,77,92,107,73,88],[72,87,119,103,76,91,106],[90,105,71,86,118,102,82],[101,81,96,104,70,85,117],[84,116,100,80,95,110,69]],
    water: [[84,101,90,72,120,78,109],[116,81,105,87,97,93,75],[100,96,71,119,77,108,83],[80,104,86,103,92,74,115],[95,70,118,76,107,89,99],[110,85,102,91,73,114,79],[69,117,82,106,88,98,94]],
    hierarchy: { usurper:69, guide:120, mystery:189, adjuster:654, leader:1962, regulator:2616, genGov:5232, highOverseer:627840 },
    angelArabic: { usurper:28, guide:79, mystery:148, adjuster:613, leader:1921, regulator:2575, genGov:5191, highOverseer:627799 },
    angelHebrew: { usurper:38, guide:89, mystery:158, adjuster:623, leader:1931, regulator:2585, genGov:5201, highOverseer:627809 },
    jinnArabic:  { usurper:110, guide:161, mystery:230, adjuster:335, leader:1643, regulator:2297, genGov:4913, highOverseer:627521 },
    jinnHebrew:  { usurper:100, guide:151, mystery:220, adjuster:325, leader:1633, regulator:2287, genGov:4903, highOverseer:627511 },
  },
  mercurySquare8x8: {
    fire:  [[50,66,113,95,84,100,81,65],[58,74,103,87,92,110,73,57],[101,85,64,80,67,51,94,112],[111,93,56,72,75,59,86,102],[79,63,82,98,115,97,52,68],[71,55,90,108,105,89,60,76],[96,114,69,53,62,78,99,83],[88,104,77,61,54,70,109,91]],
    earth: [[88,96,71,79,111,101,58,50],[104,114,55,63,93,85,74,66],[77,69,90,82,56,64,103,113],[61,53,108,98,72,80,87,95],[54,62,105,115,75,67,92,84],[70,78,89,97,59,51,110,100],[109,99,60,52,86,94,73,81],[91,83,76,68,102,112,57,65]],
    air:   [[91,109,70,54,61,77,104,88],[83,99,78,62,53,69,114,96],[76,60,89,105,108,90,55,71],[68,52,97,115,98,82,63,79],[102,86,59,75,72,56,93,111],[112,94,51,67,80,64,85,101],[57,73,110,92,87,103,74,58],[65,81,100,84,95,113,66,50]],
    water: [[65,57,112,102,68,76,83,91],[81,73,94,86,52,60,99,109],[100,110,51,59,97,89,78,70],[84,92,67,75,115,105,62,54],[95,87,80,72,98,108,53,61],[113,103,64,56,82,90,69,77],[66,74,85,93,63,71,114,96],[50,58,101,111,79,71,88,80]],
    hierarchy: { usurper:50, guide:115, mystery:165, adjuster:654, leader:1962, regulator:2616, genGov:5232, highOverseer:601680 },
    angelArabic: { usurper:9, guide:74, mystery:124, adjuster:613, leader:1921, regulator:2575, genGov:5191, highOverseer:601639 },
    angelHebrew: { usurper:19, guide:84, mystery:134, adjuster:623, leader:1931, regulator:2585, genGov:5201, highOverseer:601649 },
    jinnArabic:  { usurper:91, guide:156, mystery:206, adjuster:335, leader:1643, regulator:2297, genGov:4913, highOverseer:601361 },
    jinnHebrew:  { usurper:81, guide:146, mystery:196, adjuster:325, leader:1633, regulator:2287, genGov:4903, highOverseer:601351 },
  },
  moonSquare9x9: {
    fire:  [[76,89,51,60,118,44,80,96,40],[36,79,101,56,72,88,43,65,114],[110,48,64,100,32,84,93,55,68],[103,35,78,87,58,71,113,42,67],[63,112,47,83,99,34,70,92,54],[50,75,91,46,59,117,39,82,95],[49,62,111,33,85,98,53,69,94],[90,52,74,116,45,61,97,38,81],[77,102,37,73,86,57,66,115,41]],
    hierarchy: { usurper:32, guide:118, mystery:150, adjuster:654, leader:1962, regulator:2616, genGov:5232, highOverseer:617376 },
    angelArabic: { usurper:351, guide:77, mystery:109, adjuster:613, leader:1921, regulator:2575, genGov:5191, highOverseer:617335 },
    angelHebrew: { usurper:1, guide:87, mystery:119, adjuster:623, leader:1931, regulator:2585, genGov:5201, highOverseer:617345 },
    jinnArabic:  { usurper:73, guide:159, mystery:191, adjuster:335, leader:1643, regulator:2297, genGov:4913, highOverseer:617057 },
    jinnHebrew:  { usurper:63, guide:149, mystery:181, adjuster:325, leader:1633, regulator:2287, genGov:4903, highOverseer:617047 },
  },
  saturnSquare10x10: {
    hierarchy: { usurper:15, guide:123, mystery:138, adjuster:654, leader:1962, regulator:2616, genGov:5232, highOverseer:643536 },
    angelArabic: { usurper:334, guide:82, mystery:97, adjuster:613, leader:1921, regulator:2575, genGov:5191, highOverseer:643495 },
    angelHebrew: { usurper:344, guide:92, mystery:107, adjuster:623, leader:1931, regulator:2585, genGov:5201, highOverseer:643505 },
    jinnArabic:  { usurper:56, guide:164, mystery:179, adjuster:335, leader:1643, regulator:2297, genGov:4913, highOverseer:643217 },
    jinnHebrew:  { usurper:46, guide:154, mystery:169, adjuster:325, leader:1633, regulator:2287, genGov:4903, highOverseer:643207 },
  },
};

// ─────────────────────────────────────────────────────────────────────────────
//  SECTION D — LEO: ANGEL RULING 5TH HOUSE: OEL (107)
//  p.279
// ─────────────────────────────────────────────────────────────────────────────
export const LEO_OEL = {
  name: "Angel Ruling 5th House: Oel", hebrewValue: 107, house: 5,
  gridSize: 4, planet: "Jupiter",
  hebrewSquare: { numerical: [[69,7,4,27],[3,28,68,8],[5,71,29,2]] },
  squares: {
    fire:  [[19,30,24,34],[33,25,27,22],[29,20,35,23],[26,32,21,28]],
    air:   [[28,21,32,26],[23,35,20,29],[22,27,25,33],[34,24,30,19]],
    earth: [[26,29,33,19],[32,20,25,30],[21,35,27,24],[28,23,22,34]],
    water: [[34,22,23,28],[24,27,35,21],[30,25,20,32],[19,33,29,26]],
  },
  hierarchy: { usurper:19, guide:35, mystery:54, adjuster:856, leader:2568, regulator:3424, genGov:6848, highOverseer:239680 },
  angelArabic: { usurper:338, guide:354, mystery:13, adjuster:815, leader:2527, regulator:3383, genGov:6807, highOverseer:239639 },
  angelHebrew: { usurper:348, guide:4, mystery:23, adjuster:825, leader:2537, regulator:3393, genGov:6817, highOverseer:239649 },
  jinnArabic:  { usurper:60, guide:76, mystery:95, adjuster:537, leader:2249, regulator:3105, genGov:6529, highOverseer:239361 },
  jinnHebrew:  { usurper:50, guide:66, mystery:85, adjuster:527, leader:2239, regulator:3095, genGov:6519, highOverseer:239351 },
  marsSquare5x5: {
    hierarchy: { usurper:9, guide:35, mystery:44, adjuster:107, leader:321, regulator:428, genGov:856, highOverseer:29960 },
    angelArabic: { usurper:328, guide:354, mystery:3, adjuster:66, leader:280, regulator:387, genGov:815, highOverseer:29919 },
    angelHebrew: { usurper:338, guide:4, mystery:13, adjuster:76, leader:290, regulator:397, genGov:825, highOverseer:29929 },
    jinnArabic:  { usurper:50, guide:76, mystery:85, adjuster:148, leader:2, regulator:109, genGov:537, highOverseer:29641 },
    jinnHebrew:  { usurper:40, guide:66, mystery:75, adjuster:138, leader:352, regulator:99, genGov:527, highOverseer:29631 },
  },
  page: "279",
};

// ─────────────────────────────────────────────────────────────────────────────
//  SECTION E — LEO: ANGEL OF FIRST DECANATE: LOSANAHAR (351)
//  pp.280–285
// ─────────────────────────────────────────────────────────────────────────────
export const LEO_LOSANAHAR = {
  name: "Angel of First Decanate: Losanahar", hebrewValue: 351,
  gridSize: 3, planet: "Saturn",
  hebrewSquare: { numerical: [[35,111,8,197],[7,198,34,112],[109,37,199,6]] },
  squares: {
    fire:  [[113,108,120],[119,117,115],[114,121,116]],
    earth: [[114,119,118],[121,117,113],[116,115,120]],
    air:   [[116,121,114],[115,117,119],[120,113,118]],
    water: [[120,115,116],[113,117,121],[118,119,114]],
  },
  hierarchy: { usurper:113, guide:121, mystery:234, adjuster:351, leader:1053, regulator:1404, genGov:2808, highOverseer:339768 },
  angelArabic: { usurper:72, guide:80, mystery:193, adjuster:310, leader:1012, regulator:1363, genGov:2767, highOverseer:339727 },
  angelHebrew: { usurper:82, guide:90, mystery:203, adjuster:320, leader:1022, regulator:1373, genGov:2777, highOverseer:339737 },
  jinnArabic:  { usurper:154, guide:162, mystery:275, adjuster:32, leader:734, regulator:1085, genGov:2489, highOverseer:339449 },
  jinnHebrew:  { usurper:144, guide:152, mystery:265, adjuster:22, leader:724, regulator:1075, genGov:2479, highOverseer:339439 },
  jupiterSquare4x4: {
    fire:  [[80,91,85,95],[94,86,88,83],[90,81,96,84],[87,93,82,89]],
    air:   [[89,82,93,87],[84,96,81,90],[83,88,86,94],[95,85,91,80]],
    earth: [[87,90,94,80],[93,81,86,91],[82,96,88,85],[89,84,83,95]],
    water: [[95,83,84,89],[85,88,96,82],[91,86,81,93],[80,94,90,87]],
    hierarchy: { usurper:80, guide:96, mystery:176, adjuster:2808, leader:8424, regulator:11232, genGov:22464, highOverseer:2156544 },
    angelArabic: { usurper:39, guide:55, mystery:135, adjuster:2767, leader:8383, regulator:11191, genGov:22423, highOverseer:2156503 },
    angelHebrew: { usurper:49, guide:65, mystery:145, adjuster:2777, leader:8393, regulator:11201, genGov:22433, highOverseer:2156513 },
    jinnArabic:  { usurper:121, guide:137, mystery:217, adjuster:2489, leader:8105, regulator:10913, genGov:22145, highOverseer:2156225 },
    jinnHebrew:  { usurper:111, guide:127, mystery:207, adjuster:2479, leader:8095, regulator:10903, genGov:22135, highOverseer:2156215 },
  },
  marsSquare5x5: {
    fire:  [[58,83,76,70,64],[71,65,59,79,77],[80,73,72,66,60],[67,61,81,74,68],[75,69,63,62,82]],
    earth: [[82,62,63,69,75],[68,74,81,61,67],[60,66,72,73,80],[77,79,59,65,71],[64,70,76,83,58]],
    air:   [[75,67,80,71,58],[69,61,73,65,83],[63,81,72,59,76],[62,74,66,79,70],[82,68,60,77,64]],
    water: [[64,77,60,68,82],[70,79,66,74,62],[76,59,72,81,63],[83,65,73,61,69],[58,71,80,67,75]],
    hierarchy: { usurper:58, guide:83, mystery:141, adjuster:351, leader:1053, regulator:1404, genGov:2808, highOverseer:233064 },
    angelArabic: { usurper:17, guide:42, mystery:100, adjuster:310, leader:1012, regulator:1363, genGov:2767, highOverseer:233023 },
    angelHebrew: { usurper:27, guide:52, mystery:110, adjuster:320, leader:1022, regulator:1373, genGov:2777, highOverseer:233033 },
    jinnArabic:  { usurper:99, guide:124, mystery:182, adjuster:32, leader:734, regulator:1085, genGov:2489, highOverseer:232745 },
    jinnHebrew:  { usurper:89, guide:114, mystery:172, adjuster:22, leader:724, regulator:1075, genGov:2479, highOverseer:232735 },
  },
  sunSquare6x6: {
    hierarchy: { usurper:41, guide:76, mystery:117, adjuster:351, leader:1053, regulator:1404, genGov:2808, highOverseer:213408 },
    angelArabic: { usurper:360, guide:35, mystery:76, adjuster:310, leader:1012, regulator:1363, genGov:2767, highOverseer:213367 },
    angelHebrew: { usurper:10, guide:45, mystery:86, adjuster:320, leader:1022, regulator:1373, genGov:2777, highOverseer:213377 },
    jinnArabic:  { usurper:82, guide:117, mystery:158, adjuster:32, leader:734, regulator:1085, genGov:2489, highOverseer:213089 },
    jinnHebrew:  { usurper:72, guide:107, mystery:148, adjuster:22, leader:724, regulator:1075, genGov:2479, highOverseer:213079 },
  },
  venusSquare7x7: {
    hierarchy: { usurper:26, guide:75, mystery:101, adjuster:351, leader:1053, regulator:1404, genGov:2808, highOverseer:210600 },
    angelArabic: { usurper:345, guide:34, mystery:60, adjuster:310, leader:1012, regulator:1363, genGov:2767, highOverseer:210559 },
    angelHebrew: { usurper:355, guide:44, mystery:70, adjuster:320, leader:1022, regulator:1373, genGov:2777, highOverseer:210569 },
    jinnArabic:  { usurper:67, guide:116, mystery:142, adjuster:32, leader:734, regulator:1085, genGov:2489, highOverseer:210281 },
    jinnHebrew:  { usurper:57, guide:106, mystery:132, adjuster:22, leader:724, regulator:1075, genGov:2479, highOverseer:210271 },
  },
  mercurySquare8x8: {
    hierarchy: { usurper:12, guide:78, mystery:90, adjuster:351, leader:1053, regulator:1404, genGov:2808, highOverseer:219024 },
    angelArabic: { usurper:331, guide:37, mystery:49, adjuster:310, leader:1012, regulator:1363, genGov:2767, highOverseer:218983 },
    angelHebrew: { usurper:341, guide:47, mystery:59, adjuster:320, leader:1022, regulator:1373, genGov:2777, highOverseer:218993 },
    jinnArabic:  { usurper:53, guide:119, mystery:131, adjuster:32, leader:734, regulator:1085, genGov:2489, highOverseer:218705 },
    jinnHebrew:  { usurper:43, guide:109, mystery:121, adjuster:22, leader:724, regulator:1075, genGov:2479, highOverseer:218695 },
  },
  page: "280",
};

// ─────────────────────────────────────────────────────────────────────────────
//  SECTION F — LEO QUINANCE ANGELS (pp.286–302)
// ─────────────────────────────────────────────────────────────────────────────
export const LEO_QUINANCE_ANGELS = [
  {
    name: "Angel of First Quinance: Vahaviah", hebrewValue: 32,
    note: "No Numerical Squares Available",
    hebrewSquare: { numerical: [[5,6,9,12],[8,13,4,7],[4,7,14,7]] },
    page: "286",
  },
  {
    name: "Angel of Second Quinance: Yelayel", hebrewValue: 81,
    note: "Numerical Squares See Page: 104",
    hebrewSquare: { numerical: [[9,31,13,28],[12,29,8,32],[29,11,30,11]] },
    page: "286",
  },
  {
    name: "Angel of Second Decanate: Zachi", hebrewValue: 95,
    hebrewSquare: { numerical: [[6,9,73,7],[72,8,5,10],[7,8,9,71]] },
    jupiterSquare: {
      fire:  [[16,27,21,31],[30,22,24,19],[26,17,32,20],[23,29,18,25]],
      air:   [[25,18,29,23],[20,32,17,26],[19,24,22,30],[31,21,27,16]],
      earth: [[23,26,30,16],[29,17,22,27],[18,32,24,21],[25,20,19,31]],
      water: [[31,19,20,25],[21,24,32,18],[27,22,17,29],[16,30,26,23]],
    },
    hierarchy: { usurper:16, guide:32, mystery:48, adjuster:760, leader:2280, regulator:3040, genGov:6080, highOverseer:194560 },
    angelArabic: { usurper:335, guide:351, mystery:7, adjuster:719, leader:2239, regulator:2999, genGov:6039, highOverseer:194519 },
    angelHebrew: { usurper:345, guide:1, mystery:17, adjuster:729, leader:2249, regulator:3009, genGov:6049, highOverseer:194529 },
    jinnArabic:  { usurper:57, guide:73, mystery:89, adjuster:441, leader:1961, regulator:2721, genGov:5761, highOverseer:194241 },
    jinnHebrew:  { usurper:47, guide:63, mystery:79, adjuster:431, leader:1951, regulator:2711, genGov:5751, highOverseer:194231 },
    marsHierarchy: { usurper:7, guide:31, mystery:38, adjuster:95, leader:285, regulator:380, genGov:760, highOverseer:23560 },
    page: "287",
  },
  {
    name: "Angel of Third Quinance: Sitael", hebrewValue: 110,
    hebrewSquare: { numerical: [[59,11,12,28],[11,29,58,12],[9,61,30,10]] },
    jupiterSquare: {
      fire:  [[20,31,25,34],[33,26,28,23],[30,21,35,24],[27,32,22,29]],
      air:   [[29,22,32,27],[24,35,21,30],[23,28,26,33],[34,25,31,20]],
      earth: [[27,30,33,20],[32,21,26,31],[22,35,28,25],[29,24,23,34]],
      water: [[34,23,24,29],[25,28,35,22],[31,26,21,32],[20,33,30,27]],
    },
    hierarchy: { usurper:20, guide:35, mystery:55, adjuster:880, leader:2640, regulator:3520, genGov:7040, highOverseer:246400 },
    angelArabic: { usurper:339, guide:354, mystery:14, adjuster:839, leader:2599, regulator:3479, genGov:6999, highOverseer:246359 },
    angelHebrew: { usurper:349, guide:4, mystery:24, adjuster:849, leader:2609, regulator:3489, genGov:7009, highOverseer:246369 },
    jinnArabic:  { usurper:61, guide:76, mystery:96, adjuster:561, leader:2321, regulator:3201, genGov:6721, highOverseer:246081 },
    jinnHebrew:  { usurper:51, guide:66, mystery:86, adjuster:551, leader:2311, regulator:3191, genGov:6711, highOverseer:246071 },
    marsHierarchy: { usurper:10, guide:34, mystery:44, adjuster:110, leader:330, regulator:440, genGov:880, highOverseer:29920 },
    marsAngelArabic: { usurper:329, guide:353, mystery:3, adjuster:69, leader:289, regulator:399, genGov:839, highOverseer:29879 },
    marsAngelHebrew: { usurper:339, guide:3, mystery:13, adjuster:79, leader:299, regulator:409, genGov:849, highOverseer:29889 },
    marsJinnArabic:  { usurper:51, guide:75, mystery:85, adjuster:151, leader:11, regulator:121, genGov:561, highOverseer:29601 },
    marsJinnHebrew:  { usurper:41, guide:65, mystery:75, adjuster:141, leader:1, regulator:111, genGov:551, highOverseer:29591 },
    page: "288",
  },
  {
    name: "Angel of Fourth Quinance: Elemiah", hebrewValue: 155,
    note: "Numerical Squares See Page: 267",
    hebrewSquare: { numerical: [[69,31,43,12],[42,13,68,32],[29,71,14,41]] },
    page: "290",
  },
  {
    name: "Angel of Third Decanate: Sahiber", hebrewValue: 277,
    hebrewSquare: { numerical: [[59,6,15,197],[14,198,58,7],[4,61,199,13]] },
    jupiterSquare: {
      fire:  [[61,72,66,78],[77,67,69,64],[71,62,79,65],[68,76,63,70]],
      air:   [[70,63,76,68],[65,79,62,71],[64,69,67,77],[78,66,72,61]],
      earth: [[68,71,77,61],[76,62,67,72],[63,79,69,66],[70,65,64,78]],
      water: [[78,64,65,70],[66,69,79,63],[72,67,62,76],[61,77,71,68]],
    },
    hierarchy: { usurper:61, guide:79, mystery:140, adjuster:2216, leader:6648, regulator:8864, genGov:17728, highOverseer:1400512 },
    angelArabic: { usurper:20, guide:38, mystery:99, adjuster:2175, leader:6607, regulator:8823, genGov:17687, highOverseer:1400471 },
    angelHebrew: { usurper:30, guide:48, mystery:109, adjuster:2185, leader:6617, regulator:8833, genGov:17697, highOverseer:1400481 },
    jinnArabic:  { usurper:102, guide:120, mystery:181, adjuster:1897, leader:6329, regulator:8545, genGov:17409, highOverseer:1400193 },
    jinnHebrew:  { usurper:92, guide:110, mystery:171, adjuster:1887, leader:6319, regulator:8535, genGov:17399, highOverseer:1400183 },
    marsHierarchy: { usurper:43, guide:69, mystery:112, adjuster:277, leader:831, regulator:1108, genGov:2216, highOverseer:152904 },
    marsAngelArabic: { usurper:2, guide:28, mystery:71, adjuster:236, leader:790, regulator:1067, genGov:2175, highOverseer:152863 },
    marsAngelHebrew: { usurper:12, guide:38, mystery:81, adjuster:246, leader:800, regulator:1077, genGov:2185, highOverseer:152873 },
    marsJinnArabic:  { usurper:84, guide:110, mystery:153, adjuster:318, leader:512, regulator:789, genGov:1897, highOverseer:152585 },
    marsJinnHebrew:  { usurper:74, guide:100, mystery:143, adjuster:308, leader:502, regulator:779, genGov:1887, highOverseer:152575 },
    sunHierarchy: { usurper:28, guide:67, mystery:95, adjuster:277, leader:831, regulator:1108, genGov:2216, highOverseer:148472 },
    venusHierarchy: { usurper:15, guide:67, mystery:82, adjuster:277, leader:831, regulator:1108, genGov:2216, highOverseer:148472 },
    mercuryHierarchy: { usurper:3, guide:67, mystery:70, adjuster:277, leader:831, regulator:1108, genGov:2216, highOverseer:148472 },
    page: "290",
  },
  {
    name: "Angel of Fifth Quinance: Mahashiah", hebrewValue: 360,
    hebrewSquare: { numerical: [[39,6,303,12],[302,13,38,7],[4,41,14,301]] },
    squares: {
      fire:  [[121,116,123],[122,120,118],[117,124,119]],
      air:   [[119,124,117],[118,120,122],[123,116,121]],
      earth: [[117,122,121],[124,120,116],[119,118,123]],
      water: [[123,118,119],[116,120,124],[121,122,117]],
    },
    hierarchy: { usurper:116, guide:124, mystery:240, adjuster:360, leader:1080, regulator:1440, genGov:2880, highOverseer:357120 },
    angelArabic: { usurper:75, guide:83, mystery:199, adjuster:319, leader:1039, regulator:1399, genGov:2839, highOverseer:357079 },
    angelHebrew: { usurper:85, guide:93, mystery:209, adjuster:329, leader:1049, regulator:1409, genGov:2849, highOverseer:357089 },
    jinnArabic:  { usurper:157, guide:165, mystery:281, adjuster:41, leader:761, regulator:1121, genGov:2561, highOverseer:356801 },
    jinnHebrew:  { usurper:147, guide:155, mystery:271, adjuster:31, leader:751, regulator:1111, genGov:2551, highOverseer:356791 },
    jupiterHierarchy: { usurper:82, guide:99, mystery:181, adjuster:2880, leader:8640, regulator:11520, genGov:23040, highOverseer:2280960 },
    marsHierarchy: { usurper:60, guide:84, mystery:144, adjuster:360, leader:1080, regulator:1440, genGov:2880, highOverseer:241920 },
    sunHierarchy: { usurper:42, guide:80, mystery:122, adjuster:360, leader:1080, regulator:1440, genGov:2880, highOverseer:230400 },
    venusHierarchy: { usurper:27, guide:78, mystery:105, adjuster:360, leader:1080, regulator:1440, genGov:2880, highOverseer:224640 },
