// ═══════════════════════════════════════════════════════════════════════════
//  PERMANENT BOOK KNOWLEDGE DATABASE — TAURUS CONTINUATION + GEMINI OPENING
//  Source: "The Occult Encyclopedia of Magick Squares" — Nineveh Shadrach
//  PDF File: d92935a1e_...-121-160.pdf
//  Book Pages: 81–120 (40 pages — PDF pp. 81–120)
//  Processed: 2026-06-07
//  Covers:
//    Taurus: Continuation — Lord Triplicity Night Totath(424) pp.83–86
//    Taurus: Totath Sun+Venus+Mercury+Moon multi-planet squares pp.85–89
//    Taurus: Angel Ruling 2nd House Toel(46) pp.90–91
//    Taurus: Angel of First Decanate Kedamidi(78) pp.91–93
//    Taurus: Angel of First Quinance Mebahiah(62) p.93
//    Taurus: Angel of Second Quinance Poyel(127) pp.94–95
//    Taurus: Poyel Mars+Sun continuation pp.95–96
//    Taurus: Angel of Second Decanate Minacharai(315) pp.96–98
//    Taurus: Minacharai Jupiter+Mars+Sun continuation pp.97–99
//    Taurus: Angel of Third Quinance Nemamiah(145) pp.102–104
//    Taurus: Angel of Fourth Quinance Yeyalel(81) pp.104–106
//    Taurus: Yeyalel Saturn+Jupiter+Mars continuation pp.105–106
//    Taurus: Angel of Third Decanate Yakasaganotz(239) pp.107–109
//    Taurus: Yakasaganotz Sun+Venus continuation pp.108–109
//    Taurus: Angel of Fifth Quinance Herachiel(244) pp.110–112
//    Taurus: Herachiel Sun+Venus continuation pp.112–113
//    Taurus: Angel of Six Quinance Mitzrael(361) pp.114–117
//    Taurus: Mitzrael Sun+Venus continuation pp.116–117
//    Gemini: Sign Teomim(497) p.120
// ═══════════════════════════════════════════════════════════════════════════

// ─────────────────────────────────────────────────────────────────────────────
//  SECTION A — TAURUS: LORD OF TRIPLICITY BY NIGHT: TOTATH (424)
//  Pages 83–89. gridSize=4 Jupiter primary.
// ─────────────────────────────────────────────────────────────────────────────
export const TAURUS_TOTATH = {
  name: "Lord of Triplicity by Night: Totath", hebrewValue: 424,
  page: "83",
  hebrewSquare: { numerical: [[8,7,12,397],[11,398,7,8],[5,10,399,10]] },

  jupiterSquare: {
    fire:  [[98,109,103,114],[113,104,106,101],[108,99,115,102],[105,112,100,107]],
    air:   [[107,100,112,105],[102,115,99,108],[101,106,104,113],[114,103,109,98]],
    earth: [[105,108,113,98],[112,99,104,109],[100,115,106,103],[107,102,101,114]],
    water: [[114,101,102,107],[103,106,115,100],[109,104,99,112],[98,113,108,105]],
    hierarchy: { usurper:98, guide:115, mystery:213, adjuster:3392, leader:10176, regulator:13568, genGov:27136, highOverseer:3120640 },
    angelArabic: { usurper:57, guide:74, mystery:172, adjuster:3351, leader:10135, regulator:13527, genGov:27095, highOverseer:3120599 },
    angelHebrew: { usurper:67, guide:84, mystery:182, adjuster:3361, leader:10145, regulator:13537, genGov:27105, highOverseer:3120609 },
    jinnArabic:  { usurper:139, guide:156, mystery:254, adjuster:3073, leader:9857, regulator:13249, genGov:26817, highOverseer:3120321 },
    jinnHebrew:  { usurper:129, guide:146, mystery:244, adjuster:3063, leader:9847, regulator:13239, genGov:26807, highOverseer:3120311 },
  },

  marsSquare: {
    fire:  [[72,100,90,84,78],[85,79,73,96,91],[97,87,86,80,74],[81,75,98,88,82],[89,83,77,76,99]],
    air:   [[89,81,97,85,72],[83,75,87,79,100],[77,98,86,73,90],[76,88,80,96,84],[99,82,74,91,78]],
    earth: [[99,76,77,83,89],[82,88,98,75,81],[74,80,86,87,97],[91,96,73,79,85],[78,84,90,100,72]],
    water: [[78,91,74,82,99],[84,96,80,88,76],[90,73,86,98,77],[100,79,87,75,83],[72,85,97,81,89]],
    hierarchy: { usurper:72, guide:100, mystery:172, adjuster:424, leader:1272, regulator:1696, genGov:3392, highOverseer:339200 },
    angelArabic: { usurper:31, guide:59, mystery:131, adjuster:383, leader:1231, regulator:1655, genGov:3351, highOverseer:339159 },
    angelHebrew: { usurper:41, guide:69, mystery:141, adjuster:393, leader:1241, regulator:1665, genGov:3361, highOverseer:339169 },
    jinnArabic:  { usurper:113, guide:141, mystery:213, adjuster:105, leader:953, regulator:1377, genGov:3073, highOverseer:338881 },
    jinnHebrew:  { usurper:103, guide:131, mystery:203, adjuster:95, leader:943, regulator:1367, genGov:3063, highOverseer:338871 },
  },

  sunSquare: {
    fire:  [[53,64,85,70,74,78],[59,69,80,84,57,75],[65,88,73,63,79,56],[76,55,66,81,60,86],[82,71,62,54,87,68],[89,77,58,72,67,61]],
    air:   [[61,67,72,58,77,89],[68,87,54,62,71,82],[86,60,81,66,55,76],[56,79,63,73,88,65],[75,57,84,80,69,59],[78,74,70,85,64,53]],
    earth: [[89,82,76,65,59,53],[77,71,55,88,69,64],[58,62,66,73,80,85],[72,54,81,63,84,70],[67,87,60,79,57,74],[61,68,86,56,75,78]],
    water: [[78,75,56,86,68,61],[74,57,79,60,87,67],[70,84,63,81,54,72],[85,80,73,66,62,58],[64,69,88,55,71,77],[53,59,65,76,82,89]],
    hierarchy: { usurper:53, guide:89, mystery:142, adjuster:424, leader:1272, regulator:1696, genGov:3392, highOverseer:301888 },
    angelArabic: { usurper:12, guide:48, mystery:101, adjuster:383, leader:1231, regulator:1655, genGov:3351, highOverseer:301847 },
    angelHebrew: { usurper:22, guide:58, mystery:111, adjuster:393, leader:1241, regulator:1665, genGov:3361, highOverseer:301857 },
    jinnArabic:  { usurper:94, guide:130, mystery:183, adjuster:105, leader:953, regulator:1377, genGov:3073, highOverseer:301569 },
    jinnHebrew:  { usurper:84, guide:120, mystery:173, adjuster:95, leader:943, regulator:1367, genGov:3063, highOverseer:301559 },
  },

  venusSquare: {
    fire:  [[36,77,62,47,67,84,51],[85,52,37,71,63,48,68],[49,69,86,53,38,72,57],[73,58,43,70,87,54,39],[55,40,74,59,44,64,88],[65,82,56,41,75,60,45],[61,46,66,83,50,42,76]],
    air:   [[76,42,50,83,66,46,61],[45,60,75,41,56,82,65],[88,64,44,59,74,40,55],[39,54,87,70,43,58,73],[57,72,38,53,86,69,49],[68,48,63,71,37,52,85],[51,84,67,47,62,77,36]],
    earth: [[61,65,55,73,49,85,36],[46,82,40,58,69,52,77],[66,56,74,43,86,37,62],[83,41,59,70,53,71,47],[50,75,44,87,38,63,67],[42,60,64,54,72,48,84],[76,45,88,39,57,68,51]],
    water: [[51,68,57,39,88,45,76],[84,48,72,54,64,60,42],[67,63,38,87,44,75,50],[47,71,53,70,59,41,83],[62,37,86,43,74,56,66],[77,52,69,58,40,82,46],[36,85,49,73,55,65,61]],
    hierarchy: { usurper:36, guide:88, mystery:124, adjuster:424, leader:1272, regulator:1696, genGov:3392, highOverseer:298496 },
    angelArabic: { usurper:355, guide:47, mystery:83, adjuster:383, leader:1231, regulator:1655, genGov:3351, highOverseer:298455 },
    angelHebrew: { usurper:5, guide:57, mystery:93, adjuster:393, leader:1241, regulator:1665, genGov:3361, highOverseer:298465 },
    jinnArabic:  { usurper:77, guide:129, mystery:165, adjuster:105, leader:953, regulator:1377, genGov:3073, highOverseer:298177 },
    jinnHebrew:  { usurper:67, guide:119, mystery:155, adjuster:95, leader:943, regulator:1367, genGov:3063, highOverseer:298167 },
  },

  mercurySquare: {
    fire:  [[21,37,86,66,55,71,52,36],[29,45,74,58,63,83,44,28],[72,56,35,51,38,22,65,85],[84,64,27,43,46,30,57,73],[50,34,53,69,88,68,23,39],[42,26,61,81,76,60,31,47],[67,87,40,24,33,49,70,54],[59,75,48,32,25,41,82,62]],
    air:   [[62,82,41,25,32,48,75,59],[54,70,49,33,24,40,87,67],[47,31,60,76,81,61,26,42],[39,23,68,88,69,53,34,50],[73,57,30,46,43,27,64,84],[85,65,22,38,51,35,56,72],[28,44,83,63,58,74,45,29],[36,52,71,55,66,86,37,21]],
    earth: [[59,67,42,50,84,72,29,21],[75,87,26,34,64,56,45,37],[48,40,61,53,27,35,74,86],[32,24,81,69,43,51,58,66],[25,33,76,88,46,38,63,55],[41,49,60,68,30,22,83,71],[82,70,31,23,57,65,44,52],[62,54,47,39,73,85,28,36]],
    water: [[36,28,85,73,39,47,54,62],[52,44,65,57,23,31,70,82],[71,83,22,30,68,60,49,41],[55,63,38,46,88,76,33,25],[66,58,51,43,69,81,24,32],[86,74,35,27,53,61,40,48],[37,45,56,64,34,26,87,75],[21,29,72,84,50,42,67,59]],
    hierarchy: { usurper:21, guide:88, mystery:109, adjuster:424, leader:1272, regulator:1696, genGov:3392, highOverseer:298496 },
    angelArabic: { usurper:340, guide:47, mystery:68, adjuster:383, leader:1231, regulator:1655, genGov:3351, highOverseer:298455 },
    angelHebrew: { usurper:350, guide:57, mystery:78, adjuster:393, leader:1241, regulator:1665, genGov:3361, highOverseer:298465 },
    jinnArabic:  { usurper:62, guide:129, mystery:150, adjuster:105, leader:953, regulator:1377, genGov:3073, highOverseer:298177 },
    jinnHebrew:  { usurper:52, guide:119, mystery:140, adjuster:95, leader:943, regulator:1367, genGov:3063, highOverseer:298167 },
  },

  moonSquare: {
    fire:  [[51,64,26,35,88,19,55,71,15],[11,54,76,31,47,63,18,40,84],[80,23,39,75,7,59,68,30,43],[78,10,53,62,33,46,83,17,42],[38,82,22,58,74,9,45,67,29],[25,50,66,21,34,87,14,57,70],[24,37,81,8,60,73,28,44,69],[65,27,49,86,20,36,72,13,56],[52,77,12,48,61,32,41,85,16]],
    air:   [[16,85,41,32,61,48,12,77,52],[56,13,72,36,20,86,49,27,65],[69,44,28,73,60,8,81,37,24],[70,57,14,87,34,21,66,50,25],[29,67,45,9,74,58,22,82,38],[42,17,83,46,33,62,53,10,78],[43,30,68,59,7,75,39,23,80],[84,40,18,63,47,31,76,54,11],[15,71,55,19,88,35,26,64,51]],
    earth: [[15,84,43,42,29,70,69,56,16],[71,40,30,17,67,57,44,13,85],[55,18,68,83,45,14,28,72,41],[19,63,59,46,9,87,73,36,32],[88,47,7,33,74,34,60,20,61],[35,31,75,62,58,21,8,86,48],[26,76,39,53,22,66,81,49,12],[64,54,23,10,82,50,37,27,77],[51,11,80,78,38,25,24,65,52]],
    water: [[52,65,24,25,38,78,80,11,51],[77,27,37,50,82,10,23,54,64],[12,49,81,66,22,53,39,76,26],[48,86,8,21,58,62,75,31,35],[61,20,60,34,74,33,7,47,88],[32,36,73,87,9,46,59,63,21],[43,74,30,16,45,83,68,18,55],[85,13,44,57,67,17,30,40,71],[15,71,55,19,88,35,26,64,51]],
    hierarchy: { usurper:7, guide:88, mystery:95, adjuster:424, leader:1272, regulator:1696, genGov:3392, highOverseer:298496 },
    angelArabic: { usurper:326, guide:47, mystery:54, adjuster:383, leader:1231, regulator:1655, genGov:3351, highOverseer:298455 },
    angelHebrew: { usurper:336, guide:57, mystery:64, adjuster:393, leader:1241, regulator:1665, genGov:3361, highOverseer:298465 },
    jinnArabic:  { usurper:48, guide:129, mystery:136, adjuster:105, leader:953, regulator:1377, genGov:3073, highOverseer:298177 },
    jinnHebrew:  { usurper:38, guide:119, mystery:126, adjuster:95, leader:943, regulator:1367, genGov:3063, highOverseer:298167 },
  },
};

// ─────────────────────────────────────────────────────────────────────────────
//  SECTION B — TAURUS: ANGEL RULING 2ND HOUSE: TOEL (46)
//  Page 90. gridSize=4 Jupiter primary.
// ─────────────────────────────────────────────────────────────────────────────
export const TAURUS_TOEL = {
  name: "Angel Ruling 2nd House: Toel", hebrewValue: 46,
  house: 2, gridSize: 4, planet: "Jupiter",
  page: "90",
  hebrewSquare: { numerical: [[8,7,4,27],[3,28,7,8],[5,10,29,2]] },

  jupiterSquare: {
    fire:  [[4,15,9,18],[17,10,12,7],[14,5,19,8],[11,16,6,13]],
    air:   [[13,6,16,11],[8,19,5,14],[7,12,10,17],[18,9,15,4]],
    earth: [[11,14,17,4],[16,5,10,15],[6,19,12,9],[13,8,7,18]],
    water: [[18,7,8,13],[9,12,19,6],[15,10,5,16],[4,17,14,11]],
    hierarchy: { usurper:4, guide:19, mystery:23, adjuster:368, leader:1104, regulator:1472, genGov:2944, highOverseer:55936 },
    angelArabic: { usurper:323, guide:338, mystery:342, adjuster:327, leader:1063, regulator:1431, genGov:2903, highOverseer:55895 },
    angelHebrew: { usurper:333, guide:348, mystery:352, adjuster:337, leader:1073, regulator:1441, genGov:2913, highOverseer:55905 },
    jinnArabic:  { usurper:45, guide:60, mystery:64, adjuster:49, leader:785, regulator:1153, genGov:2625, highOverseer:55617 },
    jinnHebrew:  { usurper:35, guide:50, mystery:54, adjuster:39, leader:775, regulator:1143, genGov:2615, highOverseer:55607 },
  },
};

// ─────────────────────────────────────────────────────────────────────────────
//  SECTION C — TAURUS: ANGEL OF FIRST DECANATE: KEDAMIDI (78)
//  Pages 91–95. gridSize=3 Saturn primary.
// ─────────────────────────────────────────────────────────────────────────────
export const TAURUS_KEDAMIDI = {
  name: "Angel of First Decanate: Kedamidi", hebrewValue: 78,
  gridSize: 3, planet: "Saturn",
  page: "91",
  hebrewSquare: { numerical: [[23,41,7,7],[6,8,22,42],[39,25,9,5]] },

  saturnSquare: {
    fire:  [[27,22,29],[28,26,24],[23,30,25]],
    air:   [[25,30,23],[24,26,28],[29,22,27]],
    earth: [[23,28,27],[30,26,22],[25,24,29]],
    water: [[29,24,25],[22,26,30],[27,28,23]],
    hierarchy: { usurper:22, guide:30, mystery:52, adjuster:78, leader:234, regulator:312, genGov:624, highOverseer:18720 },
    angelArabic: { usurper:341, guide:349, mystery:11, adjuster:37, leader:193, regulator:271, genGov:583, highOverseer:18679 },
    angelHebrew: { usurper:351, guide:359, mystery:21, adjuster:47, leader:203, regulator:281, genGov:593, highOverseer:18689 },
    jinnArabic:  { usurper:63, guide:71, mystery:93, adjuster:119, leader:275, regulator:353, genGov:305, highOverseer:18401 },
    jinnHebrew:  { usurper:53, guide:61, mystery:83, adjuster:109, leader:265, regulator:343, genGov:295, highOverseer:18391 },
  },

  jupiterSquare: {
    fire:  [[12,23,17,26],[25,18,20,15],[22,13,27,16],[19,24,14,21]],
    air:   [[21,14,24,19],[16,27,13,22],[15,20,18,25],[26,17,23,12]],
    earth: [[19,22,25,12],[24,13,18,23],[14,27,20,17],[21,16,15,26]],
    water: [[26,15,16,21],[17,20,27,14],[23,18,13,24],[12,25,22,19]],
    hierarchy: { usurper:12, guide:27, mystery:39, adjuster:624, leader:1872, regulator:2496, genGov:4992, highOverseer:134784 },
    angelArabic: { usurper:331, guide:346, mystery:358, adjuster:583, leader:1831, regulator:2455, genGov:4951, highOverseer:134743 },
    angelHebrew: { usurper:341, guide:356, mystery:8, adjuster:593, leader:1841, regulator:2465, genGov:4961, highOverseer:134753 },
    jinnArabic:  { usurper:53, guide:68, mystery:80, adjuster:305, leader:1553, regulator:2177, genGov:4673, highOverseer:134465 },
    jinnHebrew:  { usurper:43, guide:58, mystery:70, adjuster:295, leader:1543, regulator:2167, genGov:4663, highOverseer:134455 },
  },

  marsSquare: {
    fire:  [[3,30,21,15,9],[16,10,4,26,22],[27,18,17,11,5],[12,6,28,19,13],[20,14,8,7,29]],
    air:   [[20,12,27,16,3],[14,6,18,10,30],[8,28,17,4,21],[7,19,11,26,15],[29,13,5,22,9]],
    earth: [[29,7,8,14,20],[13,19,28,6,12],[5,11,17,18,27],[22,26,4,10,16],[9,15,21,30,3]],
    water: [[9,22,5,13,29],[15,26,11,19,7],[21,4,17,28,8],[30,10,18,6,14],[3,16,27,12,20]],
    hierarchy: { usurper:3, guide:30, mystery:33, adjuster:78, leader:234, regulator:312, genGov:624, highOverseer:18720 },
    angelArabic: { usurper:322, guide:349, mystery:352, adjuster:37, leader:193, regulator:271, genGov:583, highOverseer:18679 },
    angelHebrew: { usurper:332, guide:359, mystery:2, adjuster:47, leader:203, regulator:281, genGov:593, highOverseer:18689 },
    jinnArabic:  { usurper:44, guide:71, mystery:74, adjuster:119, leader:275, regulator:353, genGov:305, highOverseer:18401 },
    jinnHebrew:  { usurper:34, guide:61, mystery:64, adjuster:109, leader:265, regulator:343, genGov:295, highOverseer:18391 },
  },
};

// ─────────────────────────────────────────────────────────────────────────────
//  SECTION D — TAURUS: ANGEL OF FIRST QUINANCE: MEBAHIAH (62)
//  Page 93. Cross-reference: Numerical Squares See Page 39.
// ─────────────────────────────────────────────────────────────────────────────
export const TAURUS_MEBAHIAH = {
  name: "Angel of First Quinance: Mebahiah", hebrewValue: 62,
  note: "Numerical Squares See Page: 39",
  page: "93",
  hebrewSquare: { numerical: [[39,3,8,12],[7,13,38,4],[1,41,14,6]] },
};

// ─────────────────────────────────────────────────────────────────────────────
//  SECTION E — TAURUS: ANGEL OF SECOND QUINANCE: POYEL (127)
//  Pages 94–96. gridSize=4 Jupiter primary.
// ─────────────────────────────────────────────────────────────────────────────
export const TAURUS_POYEL = {
  name: "Angel of Second Quinance: Poyel", hebrewValue: 127,
  gridSize: 4, planet: "Jupiter",
  page: "94",
  hebrewSquare: { numerical: [[79,7,13,28],[12,29,78,8],[5,81,30,11]] },

  jupiterSquare: {
    fire:  [[24,35,29,39],[38,30,32,27],[34,25,40,28],[31,37,26,33]],
    air:   [[33,26,37,31],[28,40,25,34],[27,32,30,38],[39,29,35,24]],
    earth: [[31,34,38,24],[37,25,30,35],[26,40,32,29],[33,28,27,39]],
    water: [[39,27,28,33],[29,32,40,26],[35,30,25,37],[24,38,34,31]],
    hierarchy: { usurper:24, guide:40, mystery:64, adjuster:1016, leader:3048, regulator:4064, genGov:8128, highOverseer:325120 },
    angelArabic: { usurper:343, guide:359, mystery:23, adjuster:975, leader:3007, regulator:4023, genGov:8087, highOverseer:325079 },
    angelHebrew: { usurper:353, guide:9, mystery:33, adjuster:985, leader:3017, regulator:4033, genGov:8097, highOverseer:325089 },
    jinnArabic:  { usurper:65, guide:81, mystery:105, adjuster:697, leader:2729, regulator:3745, genGov:7809, highOverseer:324801 },
    jinnHebrew:  { usurper:55, guide:71, mystery:95, adjuster:687, leader:2719, regulator:3735, genGov:7799, highOverseer:324791 },
  },

  marsSquare: {
    fire:  [[13,39,31,25,19],[26,20,14,35,32],[36,28,27,21,15],[22,16,37,29,23],[30,24,18,17,38]],
    air:   [[30,22,36,26,13],[24,16,28,20,39],[18,37,27,14,31],[17,29,21,35,25],[38,23,15,32,19]],
    earth: [[38,17,18,24,30],[23,29,37,16,22],[15,21,27,28,36],[32,35,14,20,26],[19,25,31,39,13]],
    water: [[19,32,15,23,38],[25,35,21,29,17],[31,14,27,37,18],[39,20,28,16,24],[13,26,36,22,30]],
    hierarchy: { usurper:3, guide:42, mystery:45, adjuster:127, leader:381, regulator:508, genGov:1016, highOverseer:42672 },
    angelArabic: { usurper:322, guide:1, mystery:4, adjuster:86, leader:340, regulator:467, genGov:975, highOverseer:42631 },
    angelHebrew: { usurper:332, guide:11, mystery:14, adjuster:96, leader:350, regulator:477, genGov:985, highOverseer:42641 },
    jinnArabic:  { usurper:44, guide:83, mystery:86, adjuster:168, leader:62, regulator:189, genGov:697, highOverseer:42353 },
    jinnHebrew:  { usurper:34, guide:73, mystery:76, adjuster:158, leader:52, regulator:179, genGov:687, highOverseer:42343 },
  },

  sunSquare: {
    fire:  [[3,14,38,20,24,28],[9,19,30,37,7,25],[15,41,23,13,29,6],[26,5,16,31,10,39],[32,21,12,4,40,18],[42,27,8,22,17,11]],
    air:   [[11,17,22,8,27,42],[18,40,4,12,21,32],[39,10,31,16,5,26],[6,29,13,23,41,15],[25,7,37,30,19,9],[28,24,20,38,14,3]],
    earth: [[42,32,26,15,9,3],[27,21,5,41,19,14],[8,12,16,23,30,38],[22,4,31,13,37,20],[17,40,10,29,7,24],[11,18,39,6,25,28]],
    water: [[28,25,6,39,18,11],[24,7,29,10,40,17],[20,37,13,31,4,22],[38,30,23,16,12,8],[14,19,41,5,21,27],[3,9,15,26,32,42]],
    hierarchy: { usurper:3, guide:42, mystery:45, adjuster:127, leader:381, regulator:508, genGov:1016, highOverseer:42672 },
    angelArabic: { usurper:322, guide:1, mystery:4, adjuster:86, leader:340, regulator:467, genGov:975, highOverseer:42631 },
    angelHebrew: { usurper:332, guide:11, mystery:14, adjuster:96, leader:350, regulator:477, genGov:985, highOverseer:42641 },
    jinnArabic:  { usurper:44, guide:83, mystery:86, adjuster:168, leader:62, regulator:189, genGov:697, highOverseer:42353 },
    jinnHebrew:  { usurper:34, guide:73, mystery:76, adjuster:158, leader:52, regulator:179, genGov:687, highOverseer:42343 },
  },
};

// ─────────────────────────────────────────────────────────────────────────────
//  SECTION F — TAURUS: ANGEL OF SECOND DECANATE: MINACHARAI (315)
//  Pages 96–101. gridSize=3 Saturn primary.
// ─────────────────────────────────────────────────────────────────────────────
export const TAURUS_MINACHARAI = {
  name: "Angel of Second Decanate: Minacharai", hebrewValue: 315,
  gridSize: 3, planet: "Saturn",
  page: "96",
  hebrewSquare: { numerical: [[89,9,203,8],[202,9,88,10],[7,91,10,201]] },

  saturnSquare: {
    fire:  [[104,99,106],[105,103,101],[100,107,102]],
    air:   [[102,107,100],[101,103,105],[106,99,104]],
    earth: [[100,105,104],[107,103,99],[102,101,106]],
    water: [[106,101,102],[99,103,107],[104,105,100]],
    hierarchy: { usurper:99, guide:107, mystery:206, adjuster:309, leader:927, regulator:1236, genGov:2472, highOverseer:264504 },
    angelArabic: { usurper:58, guide:66, mystery:165, adjuster:268, leader:886, regulator:1195, genGov:2431, highOverseer:264463 },
    angelHebrew: { usurper:68, guide:76, mystery:175, adjuster:278, leader:896, regulator:1205, genGov:2441, highOverseer:264473 },
    jinnArabic:  { usurper:140, guide:148, mystery:247, adjuster:350, leader:608, regulator:917, genGov:2153, highOverseer:264185 },
    jinnHebrew:  { usurper:130, guide:138, mystery:237, adjuster:340, leader:598, regulator:907, genGov:2143, highOverseer:264175 },
  },

  jupiterSquare: {
    fire:  [[69,80,74,86],[85,75,77,72],[79,70,87,73],[76,84,71,78]],
    air:   [[78,71,84,76],[73,87,70,79],[72,77,75,85],[86,74,80,69]],
    earth: [[76,79,85,69],[84,70,75,80],[71,87,77,74],[78,73,72,86]],
    water: [[86,72,73,78],[74,77,87,71],[80,75,70,84],[69,85,79,76]],
    hierarchy: { usurper:69, guide:87, mystery:156, adjuster:2472, leader:7416, regulator:9888, genGov:19776, highOverseer:1720512 },
    angelArabic: { usurper:28, guide:46, mystery:115, adjuster:2431, leader:7375, regulator:9847, genGov:19735, highOverseer:1720471 },
    angelHebrew: { usurper:38, guide:56, mystery:125, adjuster:2441, leader:7385, regulator:9857, genGov:19745, highOverseer:1720481 },
    jinnArabic:  { usurper:110, guide:128, mystery:197, adjuster:2153, leader:7097, regulator:9569, genGov:19457, highOverseer:1720193 },
    jinnHebrew:  { usurper:100, guide:118, mystery:187, adjuster:2143, leader:7087, regulator:9559, genGov:19447, highOverseer:1720183 },
  },

  marsSquare: {
    fire:  [[49,77,67,61,55],[62,56,50,73,68],[74,64,63,57,51],[58,52,75,65,59],[66,60,54,53,76]],
    air:   [[66,58,74,62,49],[60,52,64,56,77],[54,75,63,50,67],[53,65,57,73,61],[76,59,51,68,55]],
    earth: [[76,53,54,60,66],[59,65,75,52,58],[51,57,63,64,74],[68,73,50,56,62],[55,61,67,77,49]],
    water: [[55,68,51,59,76],[61,73,57,65,53],[67,50,63,75,54],[77,56,64,52,60],[49,62,74,58,66]],
    hierarchy: { usurper:49, guide:77, mystery:126, adjuster:309, leader:927, regulator:1236, genGov:2472, highOverseer:190344 },
    angelArabic: { usurper:8, guide:36, mystery:85, adjuster:268, leader:886, regulator:1195, genGov:2431, highOverseer:190303 },
    angelHebrew: { usurper:18, guide:46, mystery:95, adjuster:278, leader:896, regulator:1205, genGov:2441, highOverseer:190313 },
    jinnArabic:  { usurper:90, guide:118, mystery:167, adjuster:350, leader:608, regulator:917, genGov:2153, highOverseer:190025 },
    jinnHebrew:  { usurper:80, guide:108, mystery:157, adjuster:340, leader:598, regulator:907, genGov:2143, highOverseer:190015 },
  },

  sunSquare: {
    fire:  [[34,45,65,51,55,59],[40,50,61,64,38,56],[46,68,54,44,60,37],[57,36,47,62,41,66],[63,52,43,35,67,49],[69,58,39,53,48,42]],
    air:   [[42,48,53,39,58,69],[49,67,35,43,52,63],[66,41,62,47,36,57],[37,60,44,54,68,46],[56,38,64,61,50,40],[59,55,51,65,45,34]],
    earth: [[69,63,57,46,40,34],[58,52,36,68,50,45],[39,43,47,54,61,65],[53,35,62,44,64,51],[48,67,41,60,38,55],[42,49,66,37,56,59]],
    water: [[59,56,37,66,49,42],[55,38,60,41,67,48],[51,64,44,62,35,53],[65,61,54,47,43,39],[45,50,68,36,52,58],[34,40,46,57,63,69]],
    hierarchy: { usurper:34, guide:69, mystery:103, adjuster:309, leader:927, regulator:1236, genGov:2472, highOverseer:170568 },
    angelArabic: { usurper:353, guide:28, mystery:62, adjuster:268, leader:886, regulator:1195, genGov:2431, highOverseer:170527 },
    angelHebrew: { usurper:3, guide:38, mystery:72, adjuster:278, leader:896, regulator:1205, genGov:2441, highOverseer:170537 },
    jinnArabic:  { usurper:75, guide:110, mystery:144, adjuster:350, leader:608, regulator:917, genGov:2153, highOverseer:170249 },
    jinnHebrew:  { usurper:65, guide:100, mystery:134, adjuster:340, leader:598, regulator:907, genGov:2143, highOverseer:170239 },
  },

  venusSquare: {
    fire:  [[20,61,46,31,51,65,35],[66,36,21,55,47,32,52],[33,53,67,37,22,56,41],[57,42,27,54,68,38,23],[39,24,58,43,28,48,69],[49,63,40,25,59,44,29],[45,30,50,64,34,26,60]],
    air:   [[60,26,34,64,50,30,45],[29,44,59,25,40,63,49],[69,48,28,43,58,24,39],[23,38,68,54,27,42,57],[41,56,22,37,67,53,33],[52,32,47,55,21,36,66],[35,65,51,31,46,61,20]],
    earth: [[45,49,39,57,33,66,20],[30,63,24,42,53,36,61],[50,40,58,27,67,21,46],[64,25,43,54,37,55,31],[34,59,28,68,22,47,51],[26,44,48,38,56,32,65],[60,29,69,23,41,52,35]],
    water: [[35,52,41,23,69,29,60],[65,32,56,38,48,44,26],[51,47,22,68,28,59,34],[31,55,37,54,43,25,64],[46,21,67,27,58,40,50],[61,36,53,42,24,63,30],[20,66,33,57,39,49,45]],
    hierarchy: { usurper:20, guide:69, mystery:89, adjuster:309, leader:927, regulator:1236, genGov:2472, highOverseer:170568 },
    angelArabic: { usurper:339, guide:28, mystery:48, adjuster:268, leader:886, regulator:1195, genGov:2431, highOverseer:170527 },
    angelHebrew: { usurper:349, guide:38, mystery:58, adjuster:278, leader:896, regulator:1205, genGov:2441, highOverseer:170537 },
    jinnArabic:  { usurper:61, guide:110, mystery:130, adjuster:350, leader:608, regulator:917, genGov:2153, highOverseer:170249 },
    jinnHebrew:  { usurper:51, guide:100, mystery:120, adjuster:340, leader:598, regulator:907, genGov:2143, highOverseer:170239 },
  },

  mercurySquare: {
    fire:  [[7,23,69,52,41,57,38,22],[15,31,60,44,49,66,30,14],[58,42,21,37,24,8,51,68],[67,50,13,29,32,16,43,59],[36,20,39,55,71,54,9,25],[28,12,47,64,62,46,17,33],[53,70,26,10,19,35,56,40],[45,61,34,18,11,27,65,48]],
    air:   [[48,65,27,11,18,34,61,45],[40,56,35,19,10,26,70,53],[33,17,46,62,64,47,12,28],[25,9,54,71,55,39,20,36],[59,43,16,32,29,13,50,67],[68,51,8,24,37,21,42,58],[14,30,66,49,44,60,31,15],[22,38,57,41,52,69,23,7]],
    earth: [[45,53,28,36,67,58,15,7],[61,70,12,20,50,42,31,23],[34,26,47,39,13,21,60,69],[18,10,64,55,29,37,44,52],[11,19,62,71,32,24,49,41],[27,35,46,54,16,8,66,57],[65,56,17,9,43,51,30,38],[48,40,33,25,59,68,14,22]],
    water: [[22,14,68,59,25,33,40,48],[38,30,51,43,9,17,56,65],[57,66,8,16,54,46,35,27],[41,49,24,32,71,62,19,11],[52,44,37,29,55,64,10,18],[69,60,21,13,39,47,26,34],[23,31,42,50,20,12,70,61],[7,15,58,67,36,28,53,45]],
    hierarchy: { usurper:7, guide:71, mystery:78, adjuster:309, leader:927, regulator:1236, genGov:2472, highOverseer:175512 },
    angelArabic: { usurper:326, guide:30, mystery:37, adjuster:268, leader:886, regulator:1195, genGov:2431, highOverseer:175471 },
    angelHebrew: { usurper:336, guide:40, mystery:47, adjuster:278, leader:896, regulator:1205, genGov:2441, highOverseer:175481 },
    jinnArabic:  { usurper:48, guide:112, mystery:119, adjuster:350, leader:608, regulator:917, genGov:2153, highOverseer:175193 },
    jinnHebrew:  { usurper:38, guide:102, mystery:109, adjuster:340, leader:598, regulator:907, genGov:2143, highOverseer:175183 },
  },
};

// ─────────────────────────────────────────────────────────────────────────────
//  SECTION G — TAURUS: ANGEL OF THIRD QUINANCE: NEMAMIAH (145)
//  Pages 102–104. gridSize=4 Jupiter primary.
// ─────────────────────────────────────────────────────────────────────────────
export const TAURUS_NEMAMIAH = {
  name: "Angel of Third Quinance: Nemamiah", hebrewValue: 145,
  gridSize: 4, planet: "Jupiter",
  page: "102",
  hebrewSquare: { numerical: [[49,41,43,12],[42,13,48,42],[39,51,14,41]] },

  jupiterSquare: {
    fire:  [[28,39,33,45],[44,34,36,31],[38,29,46,32],[35,43,30,37]],
    air:   [[37,30,43,35],[32,46,29,38],[31,36,34,44],[45,33,39,28]],
    earth: [[35,38,44,28],[43,29,34,39],[30,46,36,33],[37,32,31,45]],
    water: [[45,31,32,37],[33,36,46,30],[39,34,29,43],[28,44,38,35]],
    hierarchy: { usurper:28, guide:46, mystery:74, adjuster:1160, leader:3480, regulator:4640, genGov:9280, highOverseer:426880 },
    angelArabic: { usurper:347, guide:5, mystery:33, adjuster:1119, leader:3439, regulator:4599, genGov:9239, highOverseer:426839 },
    angelHebrew: { usurper:357, guide:15, mystery:43, adjuster:1129, leader:3449, regulator:4609, genGov:9249, highOverseer:426849 },
    jinnArabic:  { usurper:69, guide:87, mystery:115, adjuster:841, leader:3161, regulator:4321, genGov:8961, highOverseer:426561 },
    jinnHebrew:  { usurper:59, guide:77, mystery:105, adjuster:831, leader:3151, regulator:4311, genGov:8951, highOverseer:426551 },
  },

  marsSquare: {
    fire:  [[17,41,35,29,23],[30,24,18,37,36],[38,32,31,25,19],[26,20,39,33,27],[34,28,22,21,40]],
    air:   [[34,26,38,30,17],[28,20,32,24,41],[22,39,31,18,35],[21,33,25,37,29],[40,27,19,36,23]],
    earth: [[40,21,22,28,34],[27,33,39,20,26],[19,25,31,32,38],[36,37,18,24,30],[23,29,35,41,17]],
    water: [[23,36,19,27,40],[29,37,25,33,21],[35,18,31,39,22],[41,24,32,20,28],[17,30,38,26,34]],
    hierarchy: { usurper:17, guide:41, mystery:58, adjuster:145, leader:435, regulator:580, genGov:1160, highOverseer:47560 },
    angelArabic: { usurper:336, guide:360, mystery:17, adjuster:104, leader:394, regulator:539, genGov:1119, highOverseer:47519 },
    angelHebrew: { usurper:346, guide:10, mystery:27, adjuster:114, leader:404, regulator:549, genGov:1129, highOverseer:47529 },
    jinnArabic:  { usurper:58, guide:82, mystery:99, adjuster:186, leader:116, regulator:261, genGov:841, highOverseer:47241 },
    jinnHebrew:  { usurper:48, guide:72, mystery:89, adjuster:176, leader:106, regulator:251, genGov:831, highOverseer:47231 },
  },

  sunSquare: {
    fire:  [[6,17,41,23,27,31],[12,22,33,40,10,28],[18,44,26,16,32,9],[29,8,19,34,13,42],[35,24,15,7,43,21],[45,30,11,25,20,14]],
    air:   [[14,20,25,11,30,45],[21,43,7,15,24,35],[42,13,34,19,8,29],[9,32,16,26,44,18],[28,10,40,33,22,12],[31,27,23,41,17,6]],
    earth: [[45,35,29,18,12,6],[30,24,8,44,22,17],[11,15,19,26,33,41],[25,7,34,16,40,23],[20,43,13,32,10,27],[14,21,42,9,28,31]],
    water: [[31,28,9,42,21,14],[27,10,32,13,43,20],[23,40,16,34,7,25],[41,33,26,19,15,11],[17,22,44,8,24,30],[6,12,18,29,35,45]],
    hierarchy: { usurper:6, guide:45, mystery:51, adjuster:145, leader:435, regulator:580, genGov:1160, highOverseer:52200 },
    angelArabic: { usurper:325, guide:4, mystery:10, adjuster:104, leader:394, regulator:539, genGov:1119, highOverseer:52159 },
    angelHebrew: { usurper:335, guide:14, mystery:20, adjuster:114, leader:404, regulator:549, genGov:1129, highOverseer:52169 },
    jinnArabic:  { usurper:47, guide:86, mystery:92, adjuster:186, leader:116, regulator:261, genGov:841, highOverseer:51881 },
    jinnHebrew:  { usurper:37, guide:76, mystery:82, adjuster:176, leader:106, regulator:251, genGov:831, highOverseer:51871 },
  },
};

// ─────────────────────────────────────────────────────────────────────────────
//  SECTION H — TAURUS: ANGEL OF FOURTH QUINANCE: YEYALEL (81)
//  Pages 104–106. gridSize=3 Saturn primary.
// ─────────────────────────────────────────────────────────────────────────────
export const TAURUS_YEYALEL = {
  name: "Angel of Fourth Quinance: Yeyalel", hebrewValue: 81,
  gridSize: 3, planet: "Saturn",
  page: "104",
  hebrewSquare: { numerical: [[9,11,33,28],[32,29,8,12],[9,11,30,31]] },

  saturnSquare: {
    fire:  [[28,23,30],[29,27,25],[24,31,26]],
    air:   [[26,31,24],[25,27,29],[30,23,28]],
    earth: [[24,29,28],[31,27,23],[26,25,30]],
    water: [[30,25,26],[23,27,31],[28,29,24]],
    hierarchy: { usurper:23, guide:31, mystery:54, adjuster:81, leader:243, regulator:324, genGov:648, highOverseer:20088 },
    angelArabic: { usurper:342, guide:350, mystery:13, adjuster:40, leader:202, regulator:283, genGov:607, highOverseer:20047 },
    angelHebrew: { usurper:352, guide:360, mystery:23, adjuster:50, leader:212, regulator:293, genGov:617, highOverseer:20057 },
    jinnArabic:  { usurper:64, guide:72, mystery:95, adjuster:122, leader:284, regulator:5, genGov:329, highOverseer:19769 },
    jinnHebrew:  { usurper:54, guide:62, mystery:85, adjuster:112, leader:274, regulator:355, genGov:319, highOverseer:19759 },
  },

  jupiterSquare: {
    fire:  [[12,23,17,29],[28,18,20,15],[22,13,30,16],[19,27,14,21]],
    air:   [[21,14,27,19],[16,30,13,22],[15,20,18,28],[29,17,23,12]],
    earth: [[19,22,28,12],[27,13,18,23],[14,30,20,17],[21,16,15,29]],
    water: [[29,15,16,21],[17,20,30,14],[23,18,13,27],[12,28,22,19]],
    hierarchy: { usurper:12, guide:30, mystery:42, adjuster:648, leader:1944, regulator:2592, genGov:5184, highOverseer:155520 },
    angelArabic: { usurper:331, guide:349, mystery:1, adjuster:607, leader:1903, regulator:2551, genGov:5143, highOverseer:155479 },
    angelHebrew: { usurper:341, guide:359, mystery:11, adjuster:617, leader:1913, regulator:2561, genGov:5153, highOverseer:155489 },
    jinnArabic:  { usurper:53, guide:71, mystery:83, adjuster:329, leader:1625, regulator:2273, genGov:4865, highOverseer:155201 },
    jinnHebrew:  { usurper:43, guide:61, mystery:73, adjuster:319, leader:1615, regulator:2263, genGov:4855, highOverseer:155191 },
  },

  marsSquare: {
    fire:  [[4,29,22,16,10],[17,11,5,25,23],[26,19,18,12,6],[13,7,27,20,14],[21,15,9,8,28]],
    air:   [[21,13,26,17,4],[15,7,19,11,29],[9,27,18,5,22],[8,20,12,25,16],[28,14,6,23,10]],
    earth: [[28,8,9,15,21],[14,20,27,7,13],[6,12,18,19,26],[23,25,5,11,17],[10,16,22,29,4]],
    water: [[10,23,6,14,28],[16,25,12,20,8],[22,5,18,27,9],[29,11,19,7,15],[4,17,26,13,21]],
    hierarchy: { usurper:4, guide:29, mystery:33, adjuster:81, leader:243, regulator:324, genGov:648, highOverseer:18792 },
    angelArabic: { usurper:323, guide:348, mystery:352, adjuster:40, leader:202, regulator:283, genGov:607, highOverseer:18751 },
    angelHebrew: { usurper:333, guide:358, mystery:2, adjuster:50, leader:212, regulator:293, genGov:617, highOverseer:18761 },
    jinnArabic:  { usurper:45, guide:70, mystery:74, adjuster:122, leader:284, regulator:5, genGov:329, highOverseer:18473 },
    jinnHebrew:  { usurper:35, guide:60, mystery:64, adjuster:112, leader:274, regulator:355, genGov:319, highOverseer:18463 },
  },
};

// ─────────────────────────────────────────────────────────────────────────────
//  SECTION I — TAURUS: ANGEL OF THIRD DECANATE: YAKASAGANOTZ (239)
//  Pages 107–110. gridSize=4 Jupiter primary.
// ─────────────────────────────────────────────────────────────────────────────
export const TAURUS_YAKASAGANOTZ = {
  name: "Angel of Third Decanate: Yakasaganotz", hebrewValue: 239,
  gridSize: 4, planet: "Jupiter",
  page: "107",
  hebrewSquare: { numerical: [[29,64,59,87],[58,88,28,65],[62,31,89,57]] },

  jupiterSquare: {
    fire:  [[52,63,57,67],[66,58,60,55],[62,53,68,56],[59,65,54,61]],
    air:   [[61,54,65,59],[56,68,53,62],[55,60,58,66],[67,57,63,52]],
    earth: [[59,62,66,52],[65,53,58,63],[54,68,60,57],[61,56,55,67]],
    water: [[67,55,56,61],[57,60,68,54],[63,58,53,65],[52,66,62,59]],
    hierarchy: { usurper:52, guide:68, mystery:120, adjuster:1912, leader:5736, regulator:7648, genGov:15296, highOverseer:1040128 },
    angelArabic: { usurper:11, guide:27, mystery:79, adjuster:1871, leader:5695, regulator:7607, genGov:15255, highOverseer:1040087 },
    angelHebrew: { usurper:21, guide:37, mystery:89, adjuster:1881, leader:5705, regulator:7617, genGov:15265, highOverseer:1040097 },
    jinnArabic:  { usurper:93, guide:109, mystery:161, adjuster:1593, leader:5417, regulator:7329, genGov:14977, highOverseer:1039809 },
    jinnHebrew:  { usurper:83, guide:99, mystery:151, adjuster:1583, leader:5407, regulator:7319, genGov:14967, highOverseer:1039799 },
  },

  marsSquare: {
    fire:  [[35,63,53,47,41],[48,42,36,59,54],[60,50,49,43,37],[44,38,61,51,45],[52,46,40,39,62]],
    air:   [[52,44,60,48,35],[46,38,50,42,63],[40,61,49,36,53],[39,51,43,59,47],[62,45,37,54,41]],
    earth: [[62,39,40,46,52],[45,51,61,38,44],[37,43,49,50,60],[54,59,36,42,48],[41,47,53,63,35]],
    water: [[41,54,37,45,62],[47,59,43,51,39],[53,36,49,61,40],[63,42,50,38,46],[35,48,60,44,52]],
    hierarchy: { usurper:35, guide:63, mystery:98, adjuster:239, leader:717, regulator:956, genGov:1912, highOverseer:120456 },
    angelArabic: { usurper:354, guide:22, mystery:57, adjuster:198, leader:676, regulator:915, genGov:1871, highOverseer:120415 },
    angelHebrew: { usurper:4, guide:32, mystery:67, adjuster:208, leader:686, regulator:925, genGov:1881, highOverseer:120425 },
    jinnArabic:  { usurper:76, guide:104, mystery:139, adjuster:280, leader:398, regulator:637, genGov:1593, highOverseer:120137 },
    jinnHebrew:  { usurper:66, guide:94, mystery:129, adjuster:270, leader:388, regulator:627, genGov:1583, highOverseer:120127 },
  },

  sunSquare: {
    fire:  [[22,33,55,39,43,47],[28,38,49,54,26,44],[34,58,42,32,48,25],[45,24,35,50,29,56],[51,40,31,23,57,37],[59,46,27,41,36,30]],
    air:   [[30,36,41,27,46,59],[37,57,23,31,40,51],[56,29,50,35,24,45],[25,48,32,42,58,34],[44,26,54,49,38,28],[47,43,39,55,33,22]],
    earth: [[59,51,45,34,28,22],[46,40,24,58,38,33],[27,31,35,42,49,55],[41,23,50,32,54,39],[36,57,29,48,26,43],[30,37,56,25,44,47]],
    water: [[47,44,25,56,37,30],[43,26,48,29,57,36],[39,54,32,50,23,41],[55,49,42,35,31,27],[33,38,58,24,40,46],[22,28,34,45,51,59]],
    hierarchy: { usurper:22, guide:59, mystery:81, adjuster:239, leader:717, regulator:956, genGov:1912, highOverseer:112808 },
    angelArabic: { usurper:341, guide:18, mystery:40, adjuster:198, leader:676, regulator:915, genGov:1871, highOverseer:112767 },
    angelHebrew: { usurper:351, guide:28, mystery:50, adjuster:208, leader:686, regulator:925, genGov:1881, highOverseer:112777 },
    jinnArabic:  { usurper:63, guide:100, mystery:122, adjuster:280, leader:398, regulator:637, genGov:1593, highOverseer:112489 },
    jinnHebrew:  { usurper:53, guide:90, mystery:112, adjuster:270, leader:388, regulator:627, genGov:1583, highOverseer:112479 },
  },

  venusSquare: {
    fire:  [[10,51,36,21,41,55,25],[56,26,11,45,37,22,42],[23,43,57,27,12,46,31],[47,32,17,44,58,28,13],[29,14,48,33,18,38,59],[39,53,30,15,49,34,19],[45,30,50,64,34,26,60]],
    air:   [[50,16,24,54,40,20,35],[19,34,49,15,30,53,39],[59,38,18,33,48,14,29],[13,28,58,44,17,32,47],[31,46,12,27,57,43,23],[42,22,37,45,11,26,56],[25,55,41,21,36,51,10]],
    earth: [[35,39,29,47,23,56,10],[20,53,14,32,43,26,51],[40,30,48,17,57,11,36],[54,15,33,44,27,45,21],[24,49,18,58,12,37,41],[16,34,38,28,46,22,55],[60,26,34,64,45,30,45]],
    water: [[10,29,41,13,59,19,50],[55,22,46,28,38,34,16],[41,37,12,58,18,49,24],[21,45,27,44,33,15,54],[36,11,57,17,48,30,40],[51,26,43,32,14,53,20],[25,56,23,47,29,39,35]],
    hierarchy: { usurper:10, guide:59, mystery:69, adjuster:239, leader:717, regulator:956, genGov:1912, highOverseer:112808 },
    angelArabic: { usurper:329, guide:18, mystery:28, adjuster:198, leader:676, regulator:915, genGov:1871, highOverseer:112767 },
    angelHebrew: { usurper:339, guide:28, mystery:38, adjuster:208, leader:686, regulator:925, genGov:1881, highOverseer:112777 },
    jinnArabic:  { usurper:51, guide:100, mystery:110, adjuster:280, leader:398, regulator:637, genGov:1593, highOverseer:112489 },
    jinnHebrew:  { usurper:41, guide:90, mystery:100, adjuster:270, leader:388, regulator:627, genGov:1583, highOverseer:112479 },
  },
};

// ─────────────────────────────────────────────────────────────────────────────
//  SECTION J — TAURUS: ANGEL OF FIFTH QUINANCE: HERACHIEL (244)
//  Pages 110–113. gridSize=4 Jupiter primary.
// ─────────────────────────────────────────────────────────────────────────────
export const TAURUS_HERACHIEL = {
  name: "Angel of Fifth Quinance: Herachiel", hebrewValue: 244,
  gridSize: 4, planet: "Jupiter",
  page: "110",
  hebrewSquare: { numerical: [[4,201,11,28],[10,29,3,202],[199,6,30,9]] },

  jupiterSquare: {
    fire:  [[53,64,58,69],[68,59,61,56],[63,54,70,57],[60,67,55,62]],
    air:   [[62,55,67,60],[57,70,54,63],[56,61,59,68],[69,58,64,53]],
    earth: [[60,63,68,53],[67,54,59,64],[55,70,61,58],[62,57,56,69]],
    water: [[69,56,57,62],[58,61,70,55],[64,59,54,67],[53,68,63,60]],
    hierarchy: { usurper:53, guide:70, mystery:123, adjuster:1952, leader:5856, regulator:7808, genGov:15616, highOverseer:1093120 },
    angelArabic: { usurper:12, guide:29, mystery:82, adjuster:1911, leader:5815, regulator:7767, genGov:15575, highOverseer:1093079 },
